/usr/lib/jvm/java-1.7.0-openjdk-amd64/bin/java -Didea.launcher.port=7533 -Didea.launcher.bin.path=/home/suas/IDEA/bin -Dfile.encoding=UTF-8 -classpath /usr/lib/jvm/java-1.7.0-openjdk-amd64/jre/lib/charsets.jar:/usr/lib/jvm/java-1.7.0-openjdk-amd64/jre/lib/compilefontconfig.jar:/usr/lib/jvm/java-1.7.0-openjdk-amd64/jre/lib/ext/dnsns.jar:/usr/lib/jvm/java-1.7.0-openjdk-amd64/jre/lib/ext/icedtea-sound.jar:/usr/lib/jvm/java-1.7.0-openjdk-amd64/jre/lib/ext/java-atk-wrapper.jar:/usr/lib/jvm/java-1.7.0-openjdk-amd64/jre/lib/ext/localedata.jar:/usr/lib/jvm/java-1.7.0-openjdk-amd64/jre/lib/ext/sunjce_provider.jar:/usr/lib/jvm/java-1.7.0-openjdk-amd64/jre/lib/ext/sunpkcs11.jar:/usr/lib/jvm/java-1.7.0-openjdk-amd64/jre/lib/ext/zipfs.jar:/usr/lib/jvm/java-1.7.0-openjdk-amd64/jre/lib/javazic.jar:/usr/lib/jvm/java-1.7.0-openjdk-amd64/jre/lib/jce.jar:/usr/lib/jvm/java-1.7.0-openjdk-amd64/jre/lib/jsse.jar:/usr/lib/jvm/java-1.7.0-openjdk-amd64/jre/lib/management-agent.jar:/usr/lib/jvm/java-1.7.0-openjdk-amd64/jre/lib/resources.jar:/usr/lib/jvm/java-1.7.0-openjdk-amd64/jre/lib/rhino.jar:/usr/lib/jvm/java-1.7.0-openjdk-amd64/jre/lib/rt.jar:/home/suas/IdeaProjects/MotionModel/Scorpion_Fain/out/production/Scorpion_Fain:/home/suas/IdeaProjects/MotionModel/Scorpion_Fain/lib/kotlin-runtime.jar:/home/suas/IdeaProjects/MotionModel/Scorpion_Fain/lib/kotlin-reflect.jar:/home/suas/IDEA/jars/scorpion-all-dev.jar:/usr/local/share/java/lcm.jar:/home/suas/IDEA/jars/pixhawk_fain.jar:/home/suas/IdeaProjects/MotionModel/Scorpion_Fain/aspn-messages-lcm.jar:/home/suas/IdeaProjects/MotionModel/Scorpion_Fain/out/production/utilities:/home/suas/IdeaProjects/MotionModel/Scorpion_Fain/out/production/VOAll:/home/suas/IDEA/lib/idea_rt.jar com.intellij.rt.execution.application.AppMain FAIN_Main
Jan 17, 2017 12:01:31 PM com.github.fommil.netlib.BLAS <clinit>
WARNING: Failed to load implementation from: com.github.fommil.netlib.NativeSystemBLAS
Jan 17, 2017 12:01:31 PM com.github.fommil.netlib.BLAS <clinit>
WARNING: Failed to load implementation from: com.github.fommil.netlib.NativeRefBLAS
LCM: Disabling IPV6 support
LCM: TTL set to 1.
Jan 17, 2017 12:01:33 PM com.github.fommil.netlib.LAPACK <clinit>
WARNING: Failed to load implementation from: com.github.fommil.netlib.NativeSystemLAPACK
Jan 17, 2017 12:01:33 PM com.github.fommil.netlib.LAPACK <clinit>
WARNING: Failed to load implementation from: com.github.fommil.netlib.NativeRefLAPACK
2--------------------#For Output Above----------------------------

3--------------------#For Output Above----------------------------

Roll = -5.559013698958393
Image Skipped
4--------------------#For Output Above----------------------------

5--------------------#For Output Above----------------------------

6--------------------#For Output Above----------------------------

Roll = -5.763234220707658
Image Skipped
7--------------------#For Output Above----------------------------

8--------------------#For Output Above----------------------------

9--------------------#For Output Above----------------------------

10--------------------#For Output Above----------------------------

Roll = -7.458922597264411
Image Skipped
11--------------------#For Output Above----------------------------

12--------------------#For Output Above----------------------------

Roll = -6.625284348686015
Image Skipped
13--------------------#For Output Above----------------------------

14--------------------#For Output Above----------------------------

15--------------------#For Output Above----------------------------

16--------------------#For Output Above----------------------------

Roll = -3.7630111878353083

DEBUGGING12	-0.996164	-0.0875037	0.000965386	-0.0874897	0.995651	-0.032017	0.00184042	-0.0319786	-0.999487	cam1 to cam2	END
DEBUGGING14	0.999488	-0.0313356	0.00643276	0.0317946	0.995258	-0.0919237	-0.00352177	0.0920812	0.995745	cam1 to cam2	END
DEBUGGING00	4.2463	-126.502	0	0	pixel coordinates	END
DEBUGGING01	0.103371	-0.381945	0.918386	0.117873	-0.28753	0.950491	normalized coordinates	END
DEBUGGING02	0.257176	-0.451284	0.854519	0.248426	-0.278446	0.927767	unscaled nav coordinates	END
DEBUGGING03	0.546172	0.382412	thetas	END
DEBUGGING04	149.645	137.831	depth vectors	END
DEBUGGING05	15.4689	-57.1563	137.432	16.2466	-39.6305	131.007	camera coordinates	END
DEBUGGING06	38.4853	-67.5326	127.875	34.2408	-38.3784	127.875	scaled NED coordinates	END
DEBUGGING07	4.24449	-29.1542	0	translation vector	END
DEBUGGING08	0.986859	-0.0987832	0.12787	0.111016	0.989518	-0.0923563	-0.117407	0.105338	0.987481	first camToNav	END
DEBUGGING09	0.990272	-0.0786923	0.114755	0.0793582	0.996845	-0.00123837	-0.114295	0.0103331	0.993393	second camToNav	END
DEBUGGING10	1	1124	802	num inliers	END
DEBUGGING11	4.04446	-28.5406	3.39386e-08	final translation vector	END

(java:16826): Gtk-WARNING **: Unable to locate theme engine in module_path: "pixmap",
init done 
opengl support available 
GrdSpd=16.214481272687944Course_ang_deg=171.93437308331033Image DT= 1.3333323001861572

An Update happened for the VO to
1.47879687041417E9
GrdSpeed=15.21777037392759	4.395507641170358
CourseAng=-0.003957929009690048	2.999501636295682

17--------------------#For Output Above----------------------------

18--------------------#For Output Above----------------------------

19--------------------#For Output Above----------------------------

Roll = -4.547196305501873
Image Skipped
20--------------------#For Output Above----------------------------

21--------------------#For Output Above----------------------------

22--------------------#For Output Above----------------------------

23--------------------#For Output Above----------------------------

Roll = -4.910538463684457
Image Skipped
24--------------------#For Output Above----------------------------

25--------------------#For Output Above----------------------------

Roll = -6.7769982180776305
Image Skipped
26--------------------#For Output Above----------------------------

Roll = -5.533372741927341
Image Skipped
27--------------------#For Output Above----------------------------

28--------------------#For Output Above----------------------------

Roll = -5.232081571693854
DEBUGGING13	0.999488	-0.0313356	0.00643276	0.0317946	0.995258	-0.0919237	-0.00352177	0.0920812	0.995745	cam1Tocam2	END
DEBUGGING12	0.997513	-0.0701762	0.00654845	0.0704777	0.992244	-0.102397	0.000688186	0.102604	0.994722	cam1 to cam2	END
DEBUGGING14	-0.960788	-0.276173	0.0248051	-0.277265	0.957928	-0.0741438	-0.003285	-0.078114	-0.996939	cam1 to cam2	END
DEBUGGING00	33.588	-181.713	0	0	pixel coordinates	END
DEBUGGING01	0.0784424	-0.382181	0.920752	0.0739488	-0.242671	0.967286	normalized coordinates	END
DEBUGGING02	0.251819	-0.459144	0.851924	0.208186	-0.237659	0.948776	unscaled nav coordinates	END
DEBUGGING03	0.551148	0.321456	thetas	END
DEBUGGING04	149.544	134.278	depth vectors	END
DEBUGGING05	11.7306	-57.1529	137.693	9.92972	-32.5854	129.885	camera coordinates	END
DEBUGGING06	37.658	-68.6621	127.4	27.9548	-31.9124	127.4	scaled NED coordinates	END
DEBUGGING07	9.70317	-36.7497	7.62939e-06	translation vector	END
DEBUGGING08	0.981752	-0.135198	0.133737	0.149481	0.983361	-0.103228	-0.117555	0.121335	0.985626	first camToNav	END
DEBUGGING09	0.989673	-0.0786516	0.119835	0.0794249	0.996839	-0.00168313	-0.119324	0.0111836	0.992792	second camToNav	END
DEBUGGING10	1	878	862	num inliers	END
DEBUGGING11	9.68509	-36.2681	1.91208e-07	final translation vector	END
GrdSpd=13.514050392420707Course_ang_deg=165.04850572349338Image DT= 1.6666648387908936

An Update happened for the VO to
1.478796872118961E9
GrdSpeed=15.031251914677846	3.947214704350782
CourseAng=0.011218852205205078	2.9962943436985032

29--------------------#For Output Above----------------------------

30--------------------#For Output Above----------------------------

31--------------------#For Output Above----------------------------

Roll = -4.372582946257321
Image Skipped
32--------------------#For Output Above----------------------------

33--------------------#For Output Above----------------------------

34--------------------#For Output Above----------------------------

Roll = -0.3990047636341884
Image Skipped
35--------------------#For Output Above----------------------------

36--------------------#For Output Above----------------------------

37--------------------#For Output Above----------------------------

Roll = -0.5632209741363952
Image Skipped
38--------------------#For Output Above----------------------------

39--------------------#For Output Above----------------------------

Roll = 0.603070485549218
Image Skipped
40--------------------#For Output Above----------------------------

41--------------------#For Output Above----------------------------

Roll = 2.3694052162387056
DEBUGGING13	0.997513	-0.0701762	0.00654845	0.0704777	0.992244	-0.102397	0.000688186	0.102604	0.994722	cam1Tocam2	END
DEBUGGING12	0.999892	0.0132343	0.00645717	-0.0123956	0.993163	-0.116079	-0.00794925	0.115987	0.993219	cam1 to cam2	END
DEBUGGING14	-0.624121	0.778082	-0.0711408	0.780678	0.624725	-0.0161698	0.0318619	-0.06563	-0.997335	cam1 to cam2	END
DEBUGGING00	-125.813	-121.193	0	0	pixel coordinates	END
DEBUGGING01	0.148002	-0.381451	0.912464	0.264281	-0.295082	0.918195	normalized coordinates	END
DEBUGGING02	0.181749	-0.484711	0.855583	0.281219	-0.285405	0.916221	unscaled nav coordinates	END
DEBUGGING03	0.54412	0.412253	thetas	END
DEBUGGING04	148.775	138.929	depth vectors	END
DEBUGGING05	22.0189	-56.7504	135.752	36.7162	-40.9954	127.564	camera coordinates	END
DEBUGGING06	27.0398	-72.1129	127.289	39.0694	-39.6509	127.289	scaled NED coordinates	END
DEBUGGING07	-12.0297	-32.462	-7.62939e-06	translation vector	END
DEBUGGING08	0.997732	-0.0666415	0.00949403	0.0673093	0.989422	-0.128505	-0.000829802	0.128853	0.991663	first camToNav	END
DEBUGGING09	0.996803	-0.0796554	-0.00623108	0.0795665	0.996739	-0.0134095	0.00727891	0.0128709	0.999891	second camToNav	END
DEBUGGING10	0	557	1313	num inliers	END
DEBUGGING11	-12.6344	-32.7435	-4.3797e-07	final translation vector	END
GrdSpd=12.634756056902043Course_ang_deg=201.09956928375968Image DT= 1.6666650772094727

An Update happened for the VO to
1.478796873779829E9
GrdSpeed=14.794642857632525	3.554826678749322
CourseAng=0.029620831809377076	2.9939392271788314

42--------------------#For Output Above----------------------------

43--------------------#For Output Above----------------------------

44--------------------#For Output Above----------------------------

45--------------------#For Output Above----------------------------

Roll = 3.0480523852843495
Image Skipped
46--------------------#For Output Above----------------------------

47--------------------#For Output Above----------------------------

48--------------------#For Output Above----------------------------

Roll = -0.12667066063464663
Image Skipped
49--------------------#For Output Above----------------------------

50--------------------#For Output Above----------------------------

Roll = 1.3032601779587878
Image Skipped
51--------------------#For Output Above----------------------------

52--------------------#For Output Above----------------------------

53--------------------#For Output Above----------------------------

Roll = 0.0075314008027964575
Image Skipped
54--------------------#For Output Above----------------------------

55--------------------#For Output Above----------------------------

56--------------------#For Output Above----------------------------

57--------------------#For Output Above----------------------------

Roll = 3.0512239409367625
DEBUGGING13	0.999892	0.0132343	0.00645717	-0.0123956	0.993163	-0.116079	-0.00794925	0.115987	0.993219	cam1Tocam2	END
DEBUGGING12	-0.999876	0.0133048	-0.0084266	0.0136308	0.999111	-0.0398826	0.00788848	-0.0399925	-0.999169	cam1 to cam2	END
DEBUGGING14	0.999255	0.0383237	0.00457336	-0.0375992	0.99335	-0.108823	-0.00871344	0.10857	0.994051	cam1 to cam2	END
DEBUGGING00	-9.06849	-152.934	0	0	pixel coordinates	END
DEBUGGING01	0.300081	-0.366498	0.880699	0.317946	-0.269375	0.909037	normalized coordinates	END
DEBUGGING02	0.311918	-0.447047	0.838365	0.322513	-0.243683	0.914661	unscaled nav coordinates	END
DEBUGGING03	0.576519	0.416129	thetas	END
DEBUGGING04	151.804	139.142	depth vectors	END
DEBUGGING05	45.5535	-55.6359	133.694	44.2394	-37.4812	126.485	camera coordinates	END
DEBUGGING06	47.3505	-67.8635	127.267	44.8749	-33.9064	127.267	scaled NED coordinates	END
DEBUGGING07	2.47557	-33.9572	0	translation vector	END
DEBUGGING08	0.999071	-0.0429096	-0.00409891	0.0422107	0.99318	-0.108681	0.0087344	0.108407	0.994068	first camToNav	END
DEBUGGING09	0.996663	-0.0797424	-0.0174386	0.0797446	0.996815	-0.000572436	0.0174287	-0.000820105	0.999848	second camToNav	END
DEBUGGING10	0	929	887	num inliers	END
DEBUGGING11	2.01555	-34.5794	-2.22208e-07	final translation vector	END
GrdSpd=12.469725860396283Course_ang_deg=176.6641367079497Image DT= 1.6666648387908936

An Update happened for the VO to
1.478796875430236E9
GrdSpeed=14.586789454012285	3.2258663520564905
CourseAng=0.041738376572531405	2.992865456878976

58--------------------#For Output Above----------------------------

59--------------------#For Output Above----------------------------

Roll = 3.5599404857441317
Image Skipped
60--------------------#For Output Above----------------------------

61--------------------#For Output Above----------------------------

62--------------------#For Output Above----------------------------

Roll = 1.529534206599261
Image Skipped
63--------------------#For Output Above----------------------------

64--------------------#For Output Above----------------------------

Roll = -2.0429689180192283
Image Skipped
65--------------------#For Output Above----------------------------

66--------------------#For Output Above----------------------------

67--------------------#For Output Above----------------------------

Roll = -8.314489168173134
Image Skipped
68--------------------#For Output Above----------------------------

69--------------------#For Output Above----------------------------

Roll = -6.4932239217442875
DEBUGGING13	0.999255	0.0383237	0.00457336	-0.0375992	0.99335	-0.108823	-0.00871344	0.10857	0.994051	cam1Tocam2	END
DEBUGGING12	0.996078	-0.0880541	-0.00872253	0.0869753	0.992446	-0.0865287	0.0162758	0.0854306	0.996211	cam1 to cam2	END
DEBUGGING14	-0.600811	-0.792903	0.101644	-0.799383	0.595344	-0.0809486	0.00367101	-0.129887	-0.991522	cam1 to cam2	END
DEBUGGING00	127.05	-181.974	0	0	pixel coordinates	END
DEBUGGING01	0.131883	-0.383101	0.914243	0.0395155	-0.253069	0.966641	normalized coordinates	END
DEBUGGING02	0.329601	-0.457933	0.825627	0.212341	-0.276239	0.937338	unscaled nav coordinates	END
DEBUGGING03	0.599483	0.355886	thetas	END
DEBUGGING04	153.563	135.262	depth vectors	END
DEBUGGING05	20.2524	-58.8301	140.394	5.34493	-34.2305	130.749	camera coordinates	END
DEBUGGING06	50.6145	-70.3216	126.786	28.7216	-37.3645	126.786	scaled NED coordinates	END
DEBUGGING07	21.8929	-32.957	-7.62939e-06	translation vector	END
DEBUGGING08	0.976096	-0.150787	0.156527	0.169675	0.978739	-0.115237	-0.135823	0.139041	0.980928	first camToNav	END
DEBUGGING09	0.984179	-0.0782955	0.158939	0.0838322	0.996074	-0.0284243	-0.15609	0.0412989	0.986879	second camToNav	END
DEBUGGING10	0	702	1164	num inliers	END
DEBUGGING11	22.458	-32.2988	4.31558e-08	final translation vector	END
GrdSpd=14.162149726178738Course_ang_deg=145.18838304429752Image DT= 1.6666650772094727

An Update happened for the VO to
1.478796877085133E9
GrdSpeed=14.549966438228914	2.976035263844114
CourseAng=0.04491976737268527	2.990641401058911

70--------------------#For Output Above----------------------------

71--------------------#For Output Above----------------------------

72--------------------#For Output Above----------------------------

Roll = -4.955970747609266
Image Skipped
73--------------------#For Output Above----------------------------

74--------------------#For Output Above----------------------------

75--------------------#For Output Above----------------------------

Roll = -2.956404693557707
Image Skipped
76--------------------#For Output Above----------------------------

77--------------------#For Output Above----------------------------

78--------------------#For Output Above----------------------------

Roll = -0.5637051705155256
Image Skipped
79--------------------#For Output Above----------------------------

80--------------------#For Output Above----------------------------

81--------------------#For Output Above----------------------------

Roll = -0.08627787570843665
Image Skipped
82--------------------#For Output Above----------------------------

83--------------------#For Output Above----------------------------

Roll = 2.000180130746626
DEBUGGING13	0.996078	-0.0880541	-0.00872253	0.0869753	0.992446	-0.0865287	0.0162758	0.0854306	0.996211	cam1Tocam2	END
DEBUGGING12	0.999579	-0.0205859	0.020442	0.0226915	0.993807	-0.108774	-0.0180762	0.109192	0.993856	cam1 to cam2	END
DEBUGGING14	-0.917154	0.395025	-0.0527583	0.397672	0.915815	-0.0560372	0.0261808	-0.0723752	-0.997034	cam1 to cam2	END
DEBUGGING00	-76.5283	-153.642	0	0	pixel coordinates	END
DEBUGGING01	0.0501009	-0.383671	0.92211	0.130605	-0.273	0.953107	normalized coordinates	END
DEBUGGING02	0.144254	-0.517702	0.843312	0.184085	-0.311011	0.932408	unscaled nav coordinates	END
DEBUGGING03	0.56738	0.369777	thetas	END
DEBUGGING04	150.228	135.873	depth vectors	END
DEBUGGING05	7.52654	-57.638	138.526	17.7457	-37.0933	129.501	camera coordinates	END
DEBUGGING06	21.6709	-77.7732	126.689	25.0122	-42.258	126.689	scaled NED coordinates	END
DEBUGGING07	-3.34126	-35.5152	0	translation vector	END
DEBUGGING08	0.993447	-0.0955638	0.0627	0.104453	0.981802	-0.1586	-0.0464026	0.16411	0.98535	first camToNav	END
DEBUGGING09	0.996277	-0.0792493	0.0339222	0.0809561	0.995344	-0.0523083	-0.0296189	0.0548598	0.998055	second camToNav	END
DEBUGGING10	0	779	1453	num inliers	END
DEBUGGING11	-3.54354	-34.3255	-9.78829e-08	final translation vector	END
GrdSpd=12.42286090978257Course_ang_deg=185.8939692135968Image DT= 1.6666650772094727

An Update happened for the VO to
1.478796878728019E9
GrdSpeed=14.384559287728242	2.768979053205201
CourseAng=0.06539636880455785	2.9870198324341812

84--------------------#For Output Above----------------------------

85--------------------#For Output Above----------------------------

86--------------------#For Output Above----------------------------

87--------------------#For Output Above----------------------------

Roll = 1.094141450079271
Image Skipped
88--------------------#For Output Above----------------------------

89--------------------#For Output Above----------------------------

90--------------------#For Output Above----------------------------

Roll = 0.30688642918504955
Image Skipped
91--------------------#For Output Above----------------------------

92--------------------#For Output Above----------------------------

93--------------------#For Output Above----------------------------

Roll = -1.6009362571306338
Image Skipped
94--------------------#For Output Above----------------------------

95--------------------#For Output Above----------------------------

96--------------------#For Output Above----------------------------

Roll = -1.968525832481613
Image Skipped
97--------------------#For Output Above----------------------------

98--------------------#For Output Above----------------------------

99--------------------#For Output Above----------------------------

100--------------------#For Output Above----------------------------

Roll = 0.48775458752289447
DEBUGGING13	0.999579	-0.0205859	0.020442	0.0226915	0.993807	-0.108774	-0.0180762	0.109192	0.993856	cam1Tocam2	END
DEBUGGING12	0.999859	-0.0133514	0.0102101	0.0144081	0.993649	-0.111601	-0.00865527	0.111732	0.993701	cam1 to cam2	END
DEBUGGING14	-0.903298	-0.428906	0.00964585	-0.428545	0.903133	0.0264414	-0.0200523	0.0197508	-0.999604	cam1 to cam2	END
DEBUGGING00	48.781	-152.717	0	0	pixel coordinates	END
DEBUGGING01	0.317171	-0.367171	0.874407	0.305326	-0.263384	0.915098	normalized coordinates	END
DEBUGGING02	0.389546	-0.474121	0.789597	0.351146	-0.287574	0.891065	unscaled nav coordinates	END
DEBUGGING03	0.660644	0.471109	thetas	END
DEBUGGING04	160.603	142.315	depth vectors	END
DEBUGGING05	50.9387	-58.9688	140.433	43.4524	-37.4834	130.232	camera coordinates	END
DEBUGGING06	62.5623	-76.1453	126.812	49.9733	-40.926	126.812	scaled NED coordinates	END
DEBUGGING07	12.589	-35.2193	-7.62939e-06	translation vector	END
DEBUGGING08	0.994917	-0.0889084	0.0472804	0.0955529	0.981713	-0.164649	-0.0317771	0.16833	0.985218	first camToNav	END
DEBUGGING09	0.996446	-0.0792854	0.0284374	0.0807511	0.995229	-0.0547499	-0.0239608	0.0568517	0.998095	second camToNav	END
DEBUGGING10	1	1250	1020	num inliers	END
DEBUGGING11	11.5382	-34.1049	6.09568e-08	final translation vector	END
GrdSpd=12.961394401097902Course_ang_deg=161.30851969886615Image DT= 1.6666650772094727

An Update happened for the VO to
1.478796880423721E9
GrdSpeed=14.281070814835454	2.5834784329054883
CourseAng=0.08002918552247149	2.9829098691505993

101--------------------#For Output Above----------------------------

102--------------------#For Output Above----------------------------

103--------------------#For Output Above----------------------------

Roll = -0.5244498321996409
Image Skipped
104--------------------#For Output Above----------------------------

105--------------------#For Output Above----------------------------

106--------------------#For Output Above----------------------------

Roll = -0.5664638732491232
Image Skipped
107--------------------#For Output Above----------------------------

108--------------------#For Output Above----------------------------

Roll = 0.8961614800755756
Image Skipped
109--------------------#For Output Above----------------------------

110--------------------#For Output Above----------------------------

111--------------------#For Output Above----------------------------

Roll = 1.269923732167248
Image Skipped
112--------------------#For Output Above----------------------------

Roll = -1.7380021455169226
DEBUGGING13	0.999859	-0.0133514	0.0102101	0.0144081	0.993649	-0.111601	-0.00865527	0.111732	0.993701	cam1Tocam2	END
DEBUGGING12	-0.952338	-0.305018	0.00410834	-0.304856	0.952135	0.0224151	-0.0107487	0.0200943	-0.99974	cam1 to cam2	END
DEBUGGING14	0.999803	0.0168024	0.0106026	-0.0153886	0.992451	-0.121669	-0.0125669	0.121482	0.992514	cam1 to cam2	END
DEBUGGING00	25.5652	-111.418	0	0	pixel coordinates	END
DEBUGGING01	-0.344421	-0.361526	0.866414	-0.388326	-0.277272	0.878819	normalized coordinates	END
DEBUGGING02	-0.26524	-0.505799	0.820863	-0.323791	-0.330097	0.886676	unscaled nav coordinates	END
DEBUGGING03	0.607876	0.480689	thetas	END
DEBUGGING04	156.875	145.231	depth vectors	END
DEBUGGING05	-54.0311	-56.7144	135.919	-56.397	-40.2684	127.632	camera coordinates	END
DEBUGGING06	-41.6095	-79.3472	128.773	-47.0245	-47.9404	128.773	scaled NED coordinates	END
DEBUGGING07	5.41503	-31.4068	1.52588e-05	translation vector	END
DEBUGGING08	0.996206	-0.0562311	0.0664183	0.0654444	0.987137	-0.145869	-0.0573616	0.149662	0.987072	first camToNav	END
DEBUGGING09	0.995769	-0.0792179	0.0465708	0.0804712	0.996426	-0.0256796	-0.0443701	0.0293186	0.998585	second camToNav	END
DEBUGGING10	0	1538	1107	num inliers	END
DEBUGGING11	7.53433	-31.3478	3.96338e-11	final translation vector	END
GrdSpd=11.606618969639467Course_ang_deg=166.48552048416988Image DT= 1.6666650772094727

An Update happened for the VO to
1.478796882061002E9
GrdSpeed=14.104119403557272	2.3997619413843774
CourseAng=0.10189484164858924	2.9803341906912335

113--------------------#For Output Above----------------------------

114--------------------#For Output Above----------------------------

115--------------------#For Output Above----------------------------

Roll = -1.4368491798924228
Image Skipped
116--------------------#For Output Above----------------------------

117--------------------#For Output Above----------------------------

Roll = -1.9130489016086538
Image Skipped
118--------------------#For Output Above----------------------------

119--------------------#For Output Above----------------------------

120--------------------#For Output Above----------------------------

Roll = -0.6830493326874228
Image Skipped
121--------------------#For Output Above----------------------------

122--------------------#For Output Above----------------------------

Roll = 1.5216829041483313
Image Skipped
123--------------------#For Output Above----------------------------

124--------------------#For Output Above----------------------------

125--------------------#For Output Above----------------------------

Roll = 1.455821524416014
DEBUGGING13	0.999803	0.0168024	0.0106026	-0.0153886	0.992451	-0.121669	-0.0125669	0.121482	0.992514	cam1Tocam2	END
DEBUGGING12	-0.996131	0.0864884	-0.0155892	0.0867409	0.996097	-0.0163192	0.014117	-0.0176083	-0.999745	cam1 to cam2	END
DEBUGGING14	0.999491	-0.0296497	0.0117954	0.0308228	0.992721	-0.116428	-0.00825753	0.116732	0.993129	cam1 to cam2	END
DEBUGGING00	-25.2935	-157.575	0	0	pixel coordinates	END
DEBUGGING01	0.38571	-0.3589	0.849952	0.43709	-0.247926	0.864572	normalized coordinates	END
DEBUGGING02	0.433084	-0.438425	0.787541	0.447747	-0.243663	0.86032	unscaled nav coordinates	END
DEBUGGING03	0.663987	0.534898	thetas	END
DEBUGGING04	164.354	150.451	depth vectors	END
DEBUGGING05	63.393	-58.9867	139.693	65.7604	-37.3006	130.075	camera coordinates	END
DEBUGGING06	71.1792	-72.057	129.436	67.3638	-36.6592	129.436	scaled NED coordinates	END
DEBUGGING07	3.81544	-35.3978	0	translation vector	END
DEBUGGING08	0.993894	-0.10966	0.0122041	0.110242	0.982361	-0.15104	0.0045742	0.151463	0.988452	first camToNav	END
DEBUGGING09	0.996783	-0.0796475	-0.00888766	0.0792773	0.996194	-0.03624	0.0117403	0.0354188	0.999304	second camToNav	END
DEBUGGING10	0	1174	1370	num inliers	END
DEBUGGING11	2.06958	-36.6664	1.16975e-07	final translation vector	END
GrdSpd=13.220950704101488Course_ang_deg=176.7694610799993Image DT= 1.6666648387908936

An Update happened for the VO to
1.478796883752337E9
GrdSpeed=14.044349443052749	2.2793063383011787
CourseAng=0.11152244365421374	2.9757258181710653

126--------------------#For Output Above----------------------------

127--------------------#For Output Above----------------------------

128--------------------#For Output Above----------------------------

Roll = 1.5269957241055434
Image Skipped
129--------------------#For Output Above----------------------------

130--------------------#For Output Above----------------------------

Roll = 4.022814081502845
Image Skipped
131--------------------#For Output Above----------------------------

132--------------------#For Output Above----------------------------

Roll = 3.6021952376010042
Image Skipped
133--------------------#For Output Above----------------------------

134--------------------#For Output Above----------------------------

135--------------------#For Output Above----------------------------

Roll = 4.034836068215713
Image Skipped
136--------------------#For Output Above----------------------------

137--------------------#For Output Above----------------------------

138--------------------#For Output Above----------------------------

Roll = 7.219492023456906
DEBUGGING13	0.999491	-0.0296497	0.0117954	0.0308228	0.992721	-0.116428	-0.00825753	0.116732	0.993129	cam1Tocam2	END
DEBUGGING12	0.999093	0.0413461	0.0101834	-0.0398076	0.991809	-0.121368	-0.0151181	0.120853	0.992555	cam1 to cam2	END
DEBUGGING14	-0.976632	0.213908	-0.0208124	0.212987	0.97626	0.0394164	0.0287498	0.0340625	-0.999006	cam1 to cam2	END
DEBUGGING00	-39.0511	-118.351	0	0	pixel coordinates	END
DEBUGGING01	0.320828	-0.35956	0.876234	0.358341	-0.293113	0.886384	normalized coordinates	END
DEBUGGING02	0.277196	-0.471751	0.837026	0.30016	-0.288096	0.909343	unscaled nav coordinates	END
DEBUGGING03	0.578971	0.429095	thetas	END
DEBUGGING04	155.589	143.215	depth vectors	END
DEBUGGING05	49.9171	-55.9435	136.332	51.3199	-41.9783	126.944	camera coordinates	END
DEBUGGING06	43.1286	-73.3991	130.232	42.9875	-41.2598	130.232	scaled NED coordinates	END
DEBUGGING07	0.141056	-32.1393	1.52588e-05	translation vector	END
DEBUGGING08	0.99641	-0.0493946	-0.0687492	0.0388509	0.988368	-0.147036	0.0752123	0.143837	0.986739	first camToNav	END
DEBUGGING09	0.992764	-0.0803107	-0.0892707	0.0781834	0.996571	-0.0270815	0.0911396	0.019906	0.995639	second camToNav	END
DEBUGGING10	0	1098	1394	num inliers	END
DEBUGGING11	-1.28327	-32.6183	-1.80553e-07	final translation vector	END
GrdSpd=11.751706372202332Course_ang_deg=182.25297371090085Image DT= 1.6666650772094727

An Update happened for the VO to
1.478796885400095E9
GrdSpeed=13.91185760074752	2.128836689042286
CourseAng=0.13102428544163602	2.972966861572325

139--------------------#For Output Above----------------------------

140--------------------#For Output Above----------------------------

141--------------------#For Output Above----------------------------

Roll = 3.649712863656783
Image Skipped
142--------------------#For Output Above----------------------------

143--------------------#For Output Above----------------------------

144--------------------#For Output Above----------------------------

Roll = 1.1155168472519432
Image Skipped
145--------------------#For Output Above----------------------------

146--------------------#For Output Above----------------------------

147--------------------#For Output Above----------------------------

Roll = -2.3394392553591556
Image Skipped
148--------------------#For Output Above----------------------------

149--------------------#For Output Above----------------------------

150--------------------#For Output Above----------------------------

Roll = -1.6945448534793048
Image Skipped
151--------------------#For Output Above----------------------------

152--------------------#For Output Above----------------------------

Roll = -2.9691816296172733
DEBUGGING13	0.999093	0.0413461	0.0101834	-0.0398076	0.991809	-0.121368	-0.0151181	0.120853	0.992555	cam1Tocam2	END
DEBUGGING12	0.999913	-0.0130943	0.00184102	0.0132189	0.993381	-0.114102	-0.000334746	0.114116	0.993467	cam1 to cam2	END
DEBUGGING14	-0.65491	-0.754119	0.0489546	-0.754858	0.65587	0.00490818	-0.0358092	-0.0337394	-0.998789	cam1 to cam2	END
DEBUGGING00	125.775	-169.278	0	0	pixel coordinates	END
DEBUGGING01	0.416183	-0.341407	0.842753	0.357577	-0.234157	0.904052	normalized coordinates	END
DEBUGGING02	0.501073	-0.402381	0.766169	0.427542	-0.213541	0.878412	unscaled nav coordinates	END
DEBUGGING03	0.697938	0.498267	thetas	END
DEBUGGING04	170.709	148.896	depth vectors	END
DEBUGGING05	71.0464	-58.2813	143.866	53.2418	-34.8651	134.61	camera coordinates	END
DEBUGGING06	85.5379	-68.6902	130.792	63.6594	-31.7955	130.792	scaled NED coordinates	END
DEBUGGING07	21.8785	-36.8947	0	translation vector	END
DEBUGGING08	0.993974	-0.0849311	0.0692991	0.0930073	0.988022	-0.123134	-0.0580111	0.128838	0.989967	first camToNav	END
DEBUGGING09	0.995127	-0.0791369	0.0588217	0.079835	0.996762	-0.00961175	-0.0578705	0.0142609	0.998222	second camToNav	END
DEBUGGING10	0	753	1401	num inliers	END
DEBUGGING11	21.3493	-36.6647	2.42928e-07	final translation vector	END
GrdSpd=15.273938313897087Course_ang_deg=149.78843093283191Image DT= 1.6666648387908936

An Update happened for the VO to
1.478796887101415E9
GrdSpeed=13.989592959267034	2.007203632793342
CourseAng=0.12090203432545489	2.9708508432910965

153--------------------#For Output Above----------------------------

154--------------------#For Output Above----------------------------

155--------------------#For Output Above----------------------------

156--------------------#For Output Above----------------------------

Roll = -1.6404881750668852
Image Skipped
157--------------------#For Output Above----------------------------

158--------------------#For Output Above----------------------------

159--------------------#For Output Above----------------------------

160--------------------#For Output Above----------------------------

Roll = -0.8572320698491476
Image Skipped
161--------------------#For Output Above----------------------------

162--------------------#For Output Above----------------------------

Roll = 0.9805245616089882
Image Skipped
163--------------------#For Output Above----------------------------

164--------------------#For Output Above----------------------------

Roll = 0.7535038011931622
Image Skipped
165--------------------#For Output Above----------------------------

166--------------------#For Output Above----------------------------

167--------------------#For Output Above----------------------------

168--------------------#For Output Above----------------------------

Roll = 1.943468002850952
DEBUGGING13	0.999913	-0.0130943	0.00184102	0.0132189	0.993381	-0.114102	-0.000334746	0.114116	0.993467	cam1Tocam2	END
DEBUGGING12	0.999555	0.0254741	0.0154964	-0.0234882	0.992846	-0.117068	-0.0183678	0.116652	0.993003	cam1 to cam2	END
DEBUGGING14	-0.873198	0.48599	-0.0365963	0.484642	0.873794	0.0400616	0.0514472	0.0172456	-0.998527	cam1 to cam2	END
DEBUGGING00	-93.8659	-162.169	0	0	pixel coordinates	END
DEBUGGING01	0.40519	-0.355028	0.842482	0.4807	-0.261965	0.83684	normalized coordinates	END
DEBUGGING02	0.43379	-0.426389	0.793737	0.488738	-0.222629	0.843547	unscaled nav coordinates	END
DEBUGGING03	0.653868	0.566942	thetas	END
DEBUGGING04	164.75	155.022	depth vectors	END
DEBUGGING05	66.755	-58.4908	138.799	74.519	-40.6103	129.728	camera coordinates	END
DEBUGGING06	71.4669	-70.2475	130.768	75.765	-34.5123	130.768	scaled NED coordinates	END
DEBUGGING07	-4.29807	-35.7352	0	translation vector	END
DEBUGGING08	0.998404	-0.0553207	0.0114033	0.0562678	0.991742	-0.115245	-0.00493375	0.115703	0.993272	first camToNav	END
DEBUGGING09	0.996727	-0.0797105	-0.0134681	0.0797207	0.996817	0.000216514	0.013408	-0.00128949	0.999909	second camToNav	END
DEBUGGING10	0	618	1356	num inliers	END
DEBUGGING11	-6.82715	-37.7235	7.65802e-07	final translation vector	END
GrdSpd=13.80109467503125Course_ang_deg=190.25828458890814Image DT= 1.6666650772094727

An Update happened for the VO to
1.478796888752815E9
GrdSpeed=13.980049949456872	1.9043964283183004
CourseAng=0.12231429266560753	2.968756057854201

169--------------------#For Output Above----------------------------

170--------------------#For Output Above----------------------------

Roll = 5.145563992364126
Image Skipped
171--------------------#For Output Above----------------------------

172--------------------#For Output Above----------------------------

Roll = 4.407031859109926
Image Skipped
173--------------------#For Output Above----------------------------

174--------------------#For Output Above----------------------------

175--------------------#For Output Above----------------------------

Roll = 4.024387586332887
Image Skipped
176--------------------#For Output Above----------------------------

177--------------------#For Output Above----------------------------

178--------------------#For Output Above----------------------------

Roll = 2.127421859228909
Image Skipped
179--------------------#For Output Above----------------------------

180--------------------#For Output Above----------------------------

Roll = 0.34507879263092456
DEBUGGING13	0.999555	0.0254741	0.0154964	-0.0234882	0.992846	-0.117068	-0.0183678	0.116652	0.993003	cam1Tocam2	END
DEBUGGING12	0.996954	0.0773103	-0.0103046	-0.0779537	0.991951	-0.0997854	0.00250726	0.100285	0.994956	cam1 to cam2	END
DEBUGGING14	-0.782863	-0.621288	0.0335747	-0.620835	0.783579	0.0238326	-0.0411153	-0.00218669	-0.999152	cam1 to cam2	END
DEBUGGING00	94.5413	-92.2466	0	0	pixel coordinates	END
DEBUGGING01	0.0768551	-0.368203	0.926563	-0.0261647	-0.279719	0.959725	normalized coordinates	END
DEBUGGING02	0.0809901	-0.438065	0.895287	0.00227053	-0.258101	0.966115	unscaled nav coordinates	END
DEBUGGING03	0.461721	0.261067	thetas	END
DEBUGGING04	147.195	136.404	depth vectors	END
DEBUGGING05	11.3127	-54.1978	136.386	-3.56897	-38.1549	130.911	camera coordinates	END
DEBUGGING06	11.9214	-64.4812	131.782	0.30971	-35.2061	131.782	scaled NED coordinates	END
DEBUGGING07	11.6117	-29.2751	-1.52588e-05	translation vector	END
DEBUGGING08	0.999991	-0.00117546	0.00399636	0.00147851	0.997054	-0.0766926	-0.00389443	0.0766979	0.997047	first camToNav	END
DEBUGGING09	0.996813	-0.0795178	0.00636556	0.0793468	0.996566	0.0236872	-0.00822725	-0.0231066	0.999699	second camToNav	END
DEBUGGING10	0	843	1554	num inliers	END
DEBUGGING11	11.5651	-28.7227	3.81021e-07	final translation vector	END
GrdSpd=11.14691857226789Course_ang_deg=158.06791202308398Image DT= 1.6666648387908936

An Update happened for the VO to
1.478796890407658E9
GrdSpeed=13.850744288918056	1.7853874625757322
CourseAng=0.12276725678675894	2.9687548559577372

181--------------------#For Output Above----------------------------

182--------------------#For Output Above----------------------------

Roll = 1.5644713712558167
Image Skipped
183--------------------#For Output Above----------------------------

184--------------------#For Output Above----------------------------

185--------------------#For Output Above----------------------------

Roll = 2.9635727636482234
Image Skipped
186--------------------#For Output Above----------------------------

187--------------------#For Output Above----------------------------

188--------------------#For Output Above----------------------------

189--------------------#For Output Above----------------------------

Roll = -1.078275134080743
Image Skipped
190--------------------#For Output Above----------------------------

191--------------------#For Output Above----------------------------

Roll = -2.0653917887341455
Image Skipped
192--------------------#For Output Above----------------------------

193--------------------#For Output Above----------------------------

Roll = -3.423105543129154
DEBUGGING13	0.996954	0.0773103	-0.0103046	-0.0779537	0.991951	-0.0997854	0.00250726	0.100285	0.994956	cam1Tocam2	END
DEBUGGING12	0.999816	-0.0151898	-0.011743	0.0141335	0.996253	-0.0853264	0.0129951	0.0851447	0.996284	cam1 to cam2	END
DEBUGGING14	-0.837652	-0.542758	0.0612654	-0.546127	0.834144	-0.0771361	-0.00923789	-0.0980718	-0.995136	cam1 to cam2	END
DEBUGGING00	90.595	-189.127	0	0	pixel coordinates	END
DEBUGGING01	-0.0206268	-0.30789	0.951198	-0.114774	-0.136556	0.983961	normalized coordinates	END
DEBUGGING02	0.0776079	-0.363134	0.928499	-0.0243182	-0.117325	0.992796	unscaled nav coordinates	END
DEBUGGING03	0.380446	0.120108	thetas	END
DEBUGGING04	142.299	133.083	depth vectors	END
DEBUGGING05	-2.93517	-43.8124	135.354	-15.2745	-18.1733	130.948	camera coordinates	END
DEBUGGING06	11.0435	-51.6735	132.124	-3.23635	-15.614	132.124	scaled NED coordinates	END
DEBUGGING07	14.2799	-36.0596	1.52588e-05	translation vector	END
DEBUGGING08	0.99339	-0.0868988	0.0750034	0.0913425	0.994129	-0.0579981	-0.0695231	0.0644657	0.995495	first camToNav	END
DEBUGGING09	0.993646	-0.0789329	0.0802349	0.0769061	0.996644	0.0280493	-0.0821796	-0.0217005	0.996381	second camToNav	END
DEBUGGING10	1	1022	1469	num inliers	END
DEBUGGING11	14.1659	-35.9491	-5.9684e-07	final translation vector	END
GrdSpd=13.910257042377765Course_ang_deg=158.49283086123913Image DT= 1.6666653156280518

An Update happened for the VO to
1.478796892058966E9
GrdSpeed=13.855163698486537	1.7017676481478068
CourseAng=0.12280868441336142	2.9687371570632246

194--------------------#For Output Above----------------------------

195--------------------#For Output Above----------------------------

196--------------------#For Output Above----------------------------

Roll = -5.948201292960304
Image Skipped
197--------------------#For Output Above----------------------------

198--------------------#For Output Above----------------------------

Roll = -4.327034549116621
Image Skipped
