/usr/lib/jvm/java-1.7.0-openjdk-amd64/bin/java -Didea.launcher.port=7532 -Didea.launcher.bin.path=/home/suas/IDEA/bin -Dfile.encoding=UTF-8 -classpath /usr/lib/jvm/java-1.7.0-openjdk-amd64/jre/lib/charsets.jar:/usr/lib/jvm/java-1.7.0-openjdk-amd64/jre/lib/compilefontconfig.jar:/usr/lib/jvm/java-1.7.0-openjdk-amd64/jre/lib/ext/dnsns.jar:/usr/lib/jvm/java-1.7.0-openjdk-amd64/jre/lib/ext/icedtea-sound.jar:/usr/lib/jvm/java-1.7.0-openjdk-amd64/jre/lib/ext/java-atk-wrapper.jar:/usr/lib/jvm/java-1.7.0-openjdk-amd64/jre/lib/ext/localedata.jar:/usr/lib/jvm/java-1.7.0-openjdk-amd64/jre/lib/ext/sunjce_provider.jar:/usr/lib/jvm/java-1.7.0-openjdk-amd64/jre/lib/ext/sunpkcs11.jar:/usr/lib/jvm/java-1.7.0-openjdk-amd64/jre/lib/ext/zipfs.jar:/usr/lib/jvm/java-1.7.0-openjdk-amd64/jre/lib/javazic.jar:/usr/lib/jvm/java-1.7.0-openjdk-amd64/jre/lib/jce.jar:/usr/lib/jvm/java-1.7.0-openjdk-amd64/jre/lib/jsse.jar:/usr/lib/jvm/java-1.7.0-openjdk-amd64/jre/lib/management-agent.jar:/usr/lib/jvm/java-1.7.0-openjdk-amd64/jre/lib/resources.jar:/usr/lib/jvm/java-1.7.0-openjdk-amd64/jre/lib/rhino.jar:/usr/lib/jvm/java-1.7.0-openjdk-amd64/jre/lib/rt.jar:/home/suas/IdeaProjects/MotionModel/Scorpion_Fain/out/production/Scorpion_Fain:/home/suas/IdeaProjects/MotionModel/Scorpion_Fain/lib/kotlin-runtime.jar:/home/suas/IdeaProjects/MotionModel/Scorpion_Fain/lib/kotlin-reflect.jar:/home/suas/IDEA/jars/scorpion-all-dev.jar:/usr/local/share/java/lcm.jar:/home/suas/IDEA/jars/pixhawk_fain.jar:/home/suas/IdeaProjects/MotionModel/Scorpion_Fain/aspn-messages-lcm.jar:/home/suas/IdeaProjects/MotionModel/Scorpion_Fain/out/production/utilities:/home/suas/IdeaProjects/MotionModel/Scorpion_Fain/out/production/VOAll:/home/suas/IDEA/lib/idea_rt.jar com.intellij.rt.execution.application.AppMain FAIN_Main
Jan 17, 2017 11:42:27 AM com.github.fommil.netlib.BLAS <clinit>
WARNING: Failed to load implementation from: com.github.fommil.netlib.NativeSystemBLAS
Jan 17, 2017 11:42:27 AM com.github.fommil.netlib.BLAS <clinit>
WARNING: Failed to load implementation from: com.github.fommil.netlib.NativeRefBLAS
LCM: Disabling IPV6 support
LCM: TTL set to 1.
Jan 17, 2017 11:42:30 AM com.github.fommil.netlib.LAPACK <clinit>
WARNING: Failed to load implementation from: com.github.fommil.netlib.NativeSystemLAPACK
Jan 17, 2017 11:42:30 AM com.github.fommil.netlib.LAPACK <clinit>
WARNING: Failed to load implementation from: com.github.fommil.netlib.NativeRefLAPACK
2--------------------#For Output Above----------------------------

3--------------------#For Output Above----------------------------

Roll = -5.559013698958393
Image Skipped
4--------------------#For Output Above----------------------------

5--------------------#For Output Above----------------------------

6--------------------#For Output Above----------------------------

Roll = -5.763234220707658

DEBUGGING00	29.7778	-40.2414	0	0	pixel coordinates	END
DEBUGGING01	0.263382	-0.370287	0.890796	0.249399	-0.341897	0.906039	normalized coordinates	END
DEBUGGING02	0.391116	-0.368176	0.843489	0.37741	-0.331551	0.864659	unscaled nav coordinates	END
DEBUGGING03	0.567049	0.526325	thetas	END
DEBUGGING04	150.145	146.469	depth vectors	END
DEBUGGING05	39.5455	-55.5967	133.748	36.5292	-50.0772	132.706	camera coordinates	END
DEBUGGING06	58.7241	-55.2797	126.646	55.2788	-48.5619	126.646	scaled NED coordinates	END
DEBUGGING07	3.44529	-6.71779	-7.62939e-06	translation vector	END
DEBUGGING08	0.990788	-0.0624679	0.12015	0.0650654	0.997722	-0.017815	-0.118763	0.0254685	0.992596	first camToNav	END
DEBUGGING09	0.99033	-0.0786896	0.114254	0.0805802	0.996676	-0.012017	-0.112929	0.0211074	0.993379	second camToNav	END
DEBUGGING10	0	1408	941	num inliers	END
DEBUGGING11	4.9971	-5.73273	1.02953e-07	final translation vector	END

(java:16454): Gtk-WARNING **: Unable to locate theme engine in module_path: "pixmap",
init done 
opengl support available 
VO Skipped due to Grd Speed to high
7--------------------#For Output Above----------------------------

8--------------------#For Output Above----------------------------

9--------------------#For Output Above----------------------------

10--------------------#For Output Above----------------------------

Roll = -7.458922597264411
Image Skipped
11--------------------#For Output Above----------------------------

12--------------------#For Output Above----------------------------

Roll = -6.625284348686015
DEBUGGING13	1.27723e-313	0	6.92542e-310	6.92542e-310	0	6.92544e-310	4.94066e-324	1.56288e-313	6.92542e-310	cam1Tocam2	END
DEBUGGING00	-41.1364	-64.1102	0	0	pixel coordinates	END
DEBUGGING01	0.125957	-0.382081	0.915505	0.171312	-0.336115	0.926109	normalized coordinates	END
DEBUGGING02	0.258662	-0.389325	0.884036	0.33084	-0.321813	0.88712	unscaled nav coordinates	END
DEBUGGING03	0.486368	0.47973	thetas	END
DEBUGGING04	144.329	143.827	depth vectors	END
DEBUGGING05	18.1792	-55.1452	132.133	24.6393	-48.3424	133.199	camera coordinates	END
DEBUGGING06	37.3323	-56.1907	127.592	47.5837	-46.2853	127.592	scaled NED coordinates	END
DEBUGGING07	-10.2513	-9.90532	-7.62939e-06	translation vector	END
DEBUGGING08	0.990788	-0.0624679	0.12015	0.0650654	0.997722	-0.017815	-0.118763	0.0254685	0.992596	first camToNav	END
DEBUGGING09	0.986117	-0.0784397	0.146356	0.0793494	0.996847	-0.000378767	-0.145865	0.0119868	0.989232	second camToNav	END
DEBUGGING10	0	992	1246	num inliers	END
DEBUGGING11	-8.50938	-10.9438	-5.07497e-07	final translation vector	END
VO Skipped due to Grd Speed to high
13--------------------#For Output Above----------------------------

14--------------------#For Output Above----------------------------

15--------------------#For Output Above----------------------------

16--------------------#For Output Above----------------------------

Roll = -3.7630111878353083
Image Skipped
17--------------------#For Output Above----------------------------

18--------------------#For Output Above----------------------------

19--------------------#For Output Above----------------------------

Roll = -4.547196305501873
DEBUGGING13	2.40273e+151	4.82865e+175	1.97111e+156	4.4306e+175	3.24187e+175	1.47141e+190	5.5983e+199	5.59549e+199	1.90459e+185	cam1Tocam2	END
DEBUGGING00	18.6684	-50.2615	0	0	pixel coordinates	END
DEBUGGING01	0.00491857	-0.383078	0.923703	-0.00828623	-0.349679	0.936833	normalized coordinates	END
DEBUGGING02	0.139786	-0.398341	0.906523	0.111784	-0.346704	0.93129	unscaled nav coordinates	END
DEBUGGING03	0.435823	0.372859	thetas	END
DEBUGGING04	141.042	137.291	depth vectors	END
DEBUGGING05	0.693723	-54.03	130.281	-1.13762	-48.0078	128.618	camera coordinates	END
DEBUGGING06	19.7157	-56.1827	127.857	15.3469	-47.5993	127.857	scaled NED coordinates	END
DEBUGGING07	4.36882	-8.58339	-7.62939e-06	translation vector	END
DEBUGGING08	0.990788	-0.0624679	0.12015	0.0650654	0.997722	-0.017815	-0.118763	0.0254685	0.992596	first camToNav	END
DEBUGGING09	0.991993	-0.0788205	0.0986746	0.0789391	0.996876	0.00270762	-0.0985797	0.00510334	0.995116	second camToNav	END
DEBUGGING10	0	1476	838	num inliers	END
DEBUGGING11	5.85009	-9.23475	8.23596e-08	final translation vector	END
VO Skipped due to Grd Speed to high
20--------------------#For Output Above----------------------------

21--------------------#For Output Above----------------------------

22--------------------#For Output Above----------------------------

23--------------------#For Output Above----------------------------

Roll = -4.910538463684457
Image Skipped
24--------------------#For Output Above----------------------------

25--------------------#For Output Above----------------------------

Roll = -6.7769982180776305
DEBUGGING13	7.54626e+165	3.63683e+175	2.07754e+156	1.25834e+132	1.98829e+127	8.82695e+136	1.64179e+214	7.05897e+170	4.22888e+175	cam1Tocam2	END
DEBUGGING00	21.9771	-67.1051	0	0	pixel coordinates	END
DEBUGGING01	0.340627	-0.357667	0.86951	0.344894	-0.30887	0.886367	normalized coordinates	END
DEBUGGING02	0.464304	-0.35018	0.813509	0.475201	-0.27637	0.835347	unscaled nav coordinates	END
DEBUGGING03	0.620636	0.582033	thetas	END
DEBUGGING04	156.872	152.771	depth vectors	END
DEBUGGING05	53.4349	-56.108	136.402	52.6898	-47.1864	135.411	camera coordinates	END
DEBUGGING06	72.8363	-54.9334	127.617	72.5969	-42.2214	127.617	scaled NED coordinates	END
DEBUGGING07	0.23941	-12.712	7.62939e-06	translation vector	END
DEBUGGING08	0.990788	-0.0624679	0.12015	0.0650654	0.997722	-0.017815	-0.118763	0.0254685	0.992596	first camToNav	END
DEBUGGING09	0.989185	-0.0786198	0.123824	0.0786069	0.996893	0.00499726	-0.123832	0.00479019	0.992292	second camToNav	END
DEBUGGING10	1	1421	868	num inliers	END
DEBUGGING11	3.00327	-11.5484	-2.14703e-07	final translation vector	END
VO Skipped due to Grd Speed to high
26--------------------#For Output Above----------------------------

Roll = -5.533372741927341
Image Skipped
27--------------------#For Output Above----------------------------

28--------------------#For Output Above----------------------------

Roll = -5.232081571693854
DEBUGGING13	1.5271e+190	1.00023e+195	3.37943e+209	1.21007e+219	8.17735e+194	2.60953e+209	6.99052e+228	2.34784e+214	8.90875e+194	cam1Tocam2	END
DEBUGGING00	7.20748	-83.5623	0	0	pixel coordinates	END
DEBUGGING01	0.243823	-0.374403	0.894635	0.256513	-0.312626	0.914585	normalized coordinates	END
DEBUGGING02	0.372456	-0.373624	0.849519	0.388052	-0.292803	0.873889	unscaled nav coordinates	END
DEBUGGING03	0.555724	0.507651	thetas	END
DEBUGGING04	149.967	145.785	depth vectors	END
DEBUGGING05	36.5655	-56.1482	134.166	37.3958	-45.5762	133.333	camera coordinates	END
DEBUGGING06	55.8562	-56.0313	127.4	56.5722	-42.6864	127.4	scaled NED coordinates	END
DEBUGGING07	-0.71595	-13.3449	0	translation vector	END
DEBUGGING08	0.990788	-0.0624679	0.12015	0.0650654	0.997722	-0.017815	-0.118763	0.0254685	0.992596	first camToNav	END
DEBUGGING09	0.989673	-0.0786516	0.119835	0.0794249	0.996839	-0.00168313	-0.119324	0.0111836	0.992792	second camToNav	END
DEBUGGING10	0	1517	725	num inliers	END
DEBUGGING11	1.73327	-13.0062	-5.54634e-08	final translation vector	END
VO Skipped due to Grd Speed to high
29--------------------#For Output Above----------------------------

30--------------------#For Output Above----------------------------

31--------------------#For Output Above----------------------------

Roll = -4.372582946257321
Image Skipped
32--------------------#For Output Above----------------------------

33--------------------#For Output Above----------------------------

34--------------------#For Output Above----------------------------

Roll = -0.3990047636341884
DEBUGGING13	2.61234e+209	1.41398e+190	1.71202e+214	1.91323e+214	1.06667e+224	8.91163e+194	7.06486e+170	5.211e+141	1.57954e+69	cam1Tocam2	END
DEBUGGING00	-86.4361	-52.0556	0	0	pixel coordinates	END
DEBUGGING01	0.224593	-0.377352	0.898423	0.301105	-0.33854	0.891474	normalized coordinates	END
DEBUGGING02	0.354042	-0.377884	0.855487	0.380906	-0.324549	0.865782	unscaled nav coordinates	END
DEBUGGING03	0.544306	0.524085	thetas	END
DEBUGGING04	148.86	147.09	depth vectors	END
DEBUGGING05	33.4328	-56.1725	133.739	44.2895	-49.7958	131.127	camera coordinates	END
DEBUGGING06	52.7026	-56.2518	127.348	56.0272	-47.7377	127.348	scaled NED coordinates	END
DEBUGGING07	-3.32465	-8.51407	7.62939e-06	translation vector	END
DEBUGGING08	0.990788	-0.0624679	0.12015	0.0650654	0.997722	-0.017815	-0.118763	0.0254685	0.992596	first camToNav	END
DEBUGGING09	0.994987	-0.0791162	0.0611634	0.080027	0.996713	-0.012583	-0.0599668	0.0174147	0.998048	second camToNav	END
DEBUGGING10	1	895	1404	num inliers	END
DEBUGGING11	-2.74693	-8.69243	9.37071e-08	final translation vector	END
VO Skipped due to Grd Speed to high
35--------------------#For Output Above----------------------------

36--------------------#For Output Above----------------------------

37--------------------#For Output Above----------------------------

Roll = -0.5632209741363952
Image Skipped
38--------------------#For Output Above----------------------------

39--------------------#For Output Above----------------------------

Roll = 0.603070485549218
DEBUGGING13	8.90734e+194	1.07735e+219	5.95676e+228	2.08048e+156	1.36208e+161	1.47032e+190	6.07857e+199	3.98243e+204	7.06487e+170	cam1Tocam2	END
DEBUGGING00	-14.7094	-41.7136	0	0	pixel coordinates	END
DEBUGGING01	0.204344	-0.379272	0.902439	0.217353	-0.352745	0.910125	normalized coordinates	END
DEBUGGING02	0.334582	-0.381189	0.861829	0.268884	-0.345087	0.899231	unscaled nav coordinates	END
DEBUGGING03	0.531931	0.452788	thetas	END
DEBUGGING04	147.703	141.56	depth vectors	END
DEBUGGING05	30.1822	-56.0197	133.293	30.7684	-49.9345	128.837	camera coordinates	END
DEBUGGING06	49.4187	-56.3028	127.295	38.0631	-48.8504	127.295	scaled NED coordinates	END
DEBUGGING07	11.3556	-7.45247	7.62939e-06	translation vector	END
DEBUGGING08	0.990788	-0.0624679	0.12015	0.0650654	0.997722	-0.017815	-0.118763	0.0254685	0.992596	first camToNav	END
DEBUGGING09	0.996486	-0.0793929	0.0266879	0.079732	0.996745	-0.011888	-0.0256572	0.0139741	0.999573	second camToNav	END
DEBUGGING10	0	1365	936	num inliers	END
DEBUGGING11	11.5448	-7.13085	-4.30307e-07	final translation vector	END
VO Skipped due to Grd Speed to high
40--------------------#For Output Above----------------------------

41--------------------#For Output Above----------------------------

Roll = 2.3694052162387056
Image Skipped
42--------------------#For Output Above----------------------------

43--------------------#For Output Above----------------------------

44--------------------#For Output Above----------------------------

45--------------------#For Output Above----------------------------

Roll = 3.0480523852843495
DEBUGGING13	1.52197e+277	3.50434e+291	1.53936e+219	1.07409e+195	2.64329e+180	2.91894e+209	6.31684e+199	3.98182e+204	1.1656e+219	cam1Tocam2	END
DEBUGGING00	5.63261	-61.6629	0	0	pixel coordinates	END
DEBUGGING01	0.192066	-0.37721	0.905993	0.195512	-0.333872	0.922119	normalized coordinates	END
DEBUGGING02	0.322716	-0.379994	0.866867	0.196161	-0.324265	0.925404	unscaled nav coordinates	END
DEBUGGING03	0.521913	0.388695	thetas	END
DEBUGGING04	146.803	137.517	depth vectors	END
DEBUGGING05	28.1959	-55.3756	133.002	26.8862	-45.913	126.807	camera coordinates	END
DEBUGGING06	47.3756	-55.7843	127.259	26.9755	-44.5919	127.259	scaled NED coordinates	END
DEBUGGING07	20.4001	-11.1924	0	translation vector	END
DEBUGGING08	0.990788	-0.0624679	0.12015	0.0650654	0.997722	-0.017815	-0.118763	0.0254685	0.992596	first camToNav	END
DEBUGGING09	0.996431	-0.0798248	-0.0274415	0.0796438	0.996794	-0.00762828	0.0279624	0.00541551	0.999594	second camToNav	END
DEBUGGING10	1	1649	589	num inliers	END
DEBUGGING11	21.7773	-9.97977	3.67525e-08	final translation vector	END
VO Skipped due to Grd Speed to high
46--------------------#For Output Above----------------------------

47--------------------#For Output Above----------------------------

48--------------------#For Output Above----------------------------

Roll = -0.12667066063464663
Image Skipped
49--------------------#For Output Above----------------------------

50--------------------#For Output Above----------------------------

Roll = 1.3032601779587878
DEBUGGING13	1.35557e+277	9.8365e+252	2.34573e+214	6.45629e+170	3.90284e+233	2.91854e+209	1.90293e+185	1.58127e+190	8.79331e+223	cam1Tocam2	END
DEBUGGING00	7.05032	-54.039	0	0	pixel coordinates	END
DEBUGGING01	0.12737	-0.38232	0.915209	0.123053	-0.345474	0.930325	normalized coordinates	END
DEBUGGING02	0.260042	-0.389466	0.883569	0.159363	-0.347166	0.924164	unscaled nav coordinates	END
DEBUGGING03	0.487367	0.391954	thetas	END
DEBUGGING04	144.05	137.722	depth vectors	END
DEBUGGING05	18.3476	-55.0731	131.836	16.9472	-47.5794	128.126	camera coordinates	END
DEBUGGING06	37.4589	-56.1025	127.278	21.9478	-47.8123	127.278	scaled NED coordinates	END
DEBUGGING07	15.5111	-8.29014	7.62939e-06	translation vector	END
DEBUGGING08	0.990788	-0.0624679	0.12015	0.0650654	0.997722	-0.017815	-0.118763	0.0254685	0.992596	first camToNav	END
DEBUGGING09	0.996783	-0.0795262	0.00992239	0.079657	0.99673	-0.0135686	-0.00881089	0.0143153	0.999859	second camToNav	END
DEBUGGING10	1	1724	616	num inliers	END
DEBUGGING11	16.8449	-8.13244	-1.19465e-07	final translation vector	END
VO Skipped due to Grd Speed to high
51--------------------#For Output Above----------------------------

52--------------------#For Output Above----------------------------

53--------------------#For Output Above----------------------------

Roll = 0.0075314008027964575
Image Skipped
54--------------------#For Output Above----------------------------

55--------------------#For Output Above----------------------------

56--------------------#For Output Above----------------------------

57--------------------#For Output Above----------------------------

Roll = 3.0512239409367625
DEBUGGING13	5.21186e+262	9.36752e+252	1.1103e+195	9.39267e+165	1.14804e+248	6.56262e+199	3.04245e+204	1.84616e+214	1.00703e+224	cam1Tocam2	END
DEBUGGING00	-42.2093	-50.5608	0	0	pixel coordinates	END
DEBUGGING01	0.09612	-0.382005	0.919148	0.124349	-0.343527	0.930874	normalized coordinates	END
DEBUGGING02	0.229533	-0.391256	0.891198	0.135095	-0.33305	0.933181	unscaled nav coordinates	END
DEBUGGING03	0.470817	0.367632	thetas	END
DEBUGGING04	142.805	136.38	depth vectors	END
DEBUGGING05	13.7264	-54.5522	131.259	16.9587	-46.8503	126.953	camera coordinates	END
DEBUGGING06	32.7784	-55.8732	127.267	18.4242	-45.4213	127.267	scaled NED coordinates	END
DEBUGGING07	14.3542	-10.4518	0	translation vector	END
DEBUGGING08	0.990788	-0.0624679	0.12015	0.0650654	0.997722	-0.017815	-0.118763	0.0254685	0.992596	first camToNav	END
DEBUGGING09	0.996663	-0.0797424	-0.0174386	0.0797446	0.996815	-0.000572436	0.0174287	-0.000820105	0.999848	second camToNav	END
DEBUGGING10	0	1066	1199	num inliers	END
DEBUGGING11	14.304	-10.2289	4.99871e-08	final translation vector	END
VO Skipped due to Grd Speed to high
58--------------------#For Output Above----------------------------

59--------------------#For Output Above----------------------------

Roll = 3.5599404857441317
Image Skipped
60--------------------#For Output Above----------------------------

61--------------------#For Output Above----------------------------

62--------------------#For Output Above----------------------------

Roll = 1.529534206599261
DEBUGGING13	4.72296e+257	4.2972e+204	5.60016e+199	2.71386e+209	5.57786e+233	3.82628e+204	4.08159e+233	5.40172e+262	2.15395e+272	cam1Tocam2	END
DEBUGGING00	90.9002	-63.75	0	0	pixel coordinates	END
DEBUGGING01	-0.335155	-0.364465	0.868813	-0.40811	-0.320125	0.854966	normalized coordinates	END
DEBUGGING02	-0.204913	-0.40092	0.892902	-0.402493	-0.373833	0.835613	unscaled nav coordinates	END
DEBUGGING03	0.467046	0.581549	thetas	END
DEBUGGING04	142.338	152.096	depth vectors	END
DEBUGGING05	-47.7053	-51.8771	123.665	-62.072	-48.6898	130.037	camera coordinates	END
DEBUGGING06	-29.1668	-57.066	127.094	-61.2177	-56.8587	127.094	scaled NED coordinates	END
DEBUGGING07	32.0509	-0.20734	7.62939e-06	translation vector	END
DEBUGGING08	0.990788	-0.0624679	0.12015	0.0650654	0.997722	-0.017815	-0.118763	0.0254685	0.992596	first camToNav	END
DEBUGGING09	0.996498	-0.0797949	-0.0249794	0.0791358	0.996516	-0.0263495	0.0269949	0.0242805	0.999341	second camToNav	END
DEBUGGING10	0	970	1397	num inliers	END
DEBUGGING11	32.6495	-7.11284	-2.35445e-08	final translation vector	END
VO Skipped due to Grd Speed to high
63--------------------#For Output Above----------------------------

64--------------------#For Output Above----------------------------

Roll = -2.0429689180192283
Image Skipped
65--------------------#For Output Above----------------------------

66--------------------#For Output Above----------------------------

67--------------------#For Output Above----------------------------

Roll = -8.314489168173134
DEBUGGING13	1.90393e+185	3.52733e+233	4.45825e+204	1.73363e+185	1.29178e+161	1.64666e+185	1.9036e+185	8.54229e+194	8.17304e+194	cam1Tocam2	END
DEBUGGING00	74.3651	-78.9693	0	0	pixel coordinates	END
DEBUGGING01	0.184221	-0.378285	0.907173	0.137724	-0.323461	0.936165	normalized coordinates	END
DEBUGGING02	0.315152	-0.381598	0.868943	0.278812	-0.320198	0.905393	unscaled nav coordinates	END
DEBUGGING03	0.517733	0.438491	thetas	END
DEBUGGING04	146.304	140.414	depth vectors	END
DEBUGGING05	26.9523	-55.3445	132.723	19.3383	-45.4183	131.45	camera coordinates	END
DEBUGGING06	46.1079	-55.8292	127.13	39.149	-44.9602	127.13	scaled NED coordinates	END
DEBUGGING07	6.95887	-10.8691	0	translation vector	END
DEBUGGING08	0.990788	-0.0624679	0.12015	0.0650654	0.997722	-0.017815	-0.118763	0.0254685	0.992596	first camToNav	END
DEBUGGING09	0.989017	-0.0786042	0.125165	0.0804158	0.996716	-0.00947973	-0.124009	0.0194409	0.992091	second camToNav	END
DEBUGGING10	0	1079	1549	num inliers	END
DEBUGGING11	9.85737	-11.0642	3.39377e-07	final translation vector	END
VO Skipped due to Grd Speed to high
68--------------------#For Output Above----------------------------

69--------------------#For Output Above----------------------------

Roll = -6.4932239217442875
Image Skipped
70--------------------#For Output Above----------------------------

71--------------------#For Output Above----------------------------

72--------------------#For Output Above----------------------------

Roll = -4.955970747609266
DEBUGGING13	6.79805e+199	9.49868e+223	4.08355e+233	1.98082e+214	3.16502e+180	1.86427e+156	1.1963e+103	1.85104e+127	1.30779e+45	cam1Tocam2	END
DEBUGGING00	-43.1559	-74.8184	0	0	pixel coordinates	END
DEBUGGING01	0.258547	-0.373295	0.890957	0.31266	-0.314063	0.896442	normalized coordinates	END
DEBUGGING02	0.386533	-0.371495	0.844147	0.427594	-0.325113	0.843484	unscaled nav coordinates	END
DEBUGGING03	0.565824	0.567059	thetas	END
DEBUGGING04	150.197	150.315	depth vectors	END
DEBUGGING05	38.833	-56.0678	133.819	46.9974	-47.2083	134.749	camera coordinates	END
DEBUGGING06	58.0561	-55.7974	126.788	64.2737	-48.8693	126.788	scaled NED coordinates	END
DEBUGGING07	-6.21765	-6.92805	-1.52588e-05	translation vector	END
DEBUGGING08	0.990788	-0.0624679	0.12015	0.0650654	0.997722	-0.017815	-0.118763	0.0254685	0.992596	first camToNav	END
DEBUGGING09	0.9915	-0.0787068	0.103601	0.0835242	0.995577	-0.0430074	-0.0997582	0.051295	0.993689	second camToNav	END
DEBUGGING10	0	1393	1356	num inliers	END
DEBUGGING11	-2.98914	-6.87462	-2.68127e-07	final translation vector	END
GrdSpd=16.86682387998138Course_ang_deg=203.49977513660068Image DT= 0.6666660308837891

An Update happened for the VO to
1.478796877413386E9
GrdSpeed=15.300243081945302	4.4523639458348665
CourseAng=-0.02140828593215047	2.9941085117308264

73--------------------#For Output Above----------------------------

74--------------------#For Output Above----------------------------

75--------------------#For Output Above----------------------------

Roll = -2.956404693557707
Image Skipped
76--------------------#For Output Above----------------------------

77--------------------#For Output Above----------------------------

78--------------------#For Output Above----------------------------

Roll = -0.5637051705155256
DEBUGGING13	8.50525e+223	3.53073e+233	1.6439e+214	4.14104e+204	4.45518e+204	1.29901e+219	8.17735e+194	2.38496e+180	5.88793e+223	cam1Tocam2	END
DEBUGGING00	-84.1397	-62.4754	0	0	pixel coordinates	END
DEBUGGING01	-0.327274	-0.364088	0.87197	-0.276016	-0.325963	0.904192	normalized coordinates	END
DEBUGGING02	-0.196748	-0.400087	0.895109	-0.187227	-0.381993	0.905001	unscaled nav coordinates	END
DEBUGGING03	0.46212	0.439413	thetas	END
DEBUGGING04	141.484	139.937	depth vectors	END
DEBUGGING05	-46.3039	-51.5125	123.37	-38.625	-45.6144	126.53	camera coordinates	END
DEBUGGING06	-27.8366	-56.6058	126.644	-26.2001	-53.4551	126.644	scaled NED coordinates	END
DEBUGGING07	-1.63657	-3.15071	7.62939e-06	translation vector	END
DEBUGGING08	0.990788	-0.0624679	0.12015	0.0650654	0.997722	-0.017815	-0.118763	0.0254685	0.992596	first camToNav	END
DEBUGGING09	0.994548	-0.0790137	0.0680481	0.081755	0.995909	-0.0384845	-0.0647289	0.043838	0.99694	second camToNav	END
DEBUGGING10	0	1019	1766	num inliers	END
DEBUGGING11	-3.21234	-6.51596	-1.50006e-07	final translation vector	END
GrdSpd=16.345763071460816Course_ang_deg=206.24311882595404Image DT= 0.6666660308837891

An Update happened for the VO to
1.478796878120079E9
GrdSpeed=15.415757683230563	3.9699337283387908
CourseAng=-0.0333802597283679	2.9888006643984277

79--------------------#For Output Above----------------------------

80--------------------#For Output Above----------------------------

81--------------------#For Output Above----------------------------

Roll = -0.08627787570843665
Image Skipped
82--------------------#For Output Above----------------------------

83--------------------#For Output Above----------------------------

Roll = 2.000180130746626
DEBUGGING13	2.71427e+209	1.41485e+190	5.35628e+199	7.97301e+170	4.33962e+146	8.9301e+165	1.56267e+185	1.24755e+190	2.64582e+180	cam1Tocam2	END
DEBUGGING00	6.68699	-46.2894	0	0	pixel coordinates	END
DEBUGGING01	0.246086	-0.374075	0.894153	0.250192	-0.345029	0.904632	normalized coordinates	END
DEBUGGING02	0.37462	-0.37314	0.848779	0.307291	-0.370488	0.876534	unscaled nav coordinates	END
DEBUGGING03	0.557124	0.502184	thetas	END
DEBUGGING04	149.26	144.534	depth vectors	END
DEBUGGING05	36.7308	-55.8344	133.461	36.1612	-49.8684	130.75	camera coordinates	END
DEBUGGING06	55.9157	-55.6949	126.689	44.414	-53.548	126.689	scaled NED coordinates	END
DEBUGGING07	11.5018	-2.14691	0	translation vector	END
DEBUGGING08	0.990788	-0.0624679	0.12015	0.0650654	0.997722	-0.017815	-0.118763	0.0254685	0.992596	first camToNav	END
DEBUGGING09	0.996277	-0.0792493	0.0339222	0.0809561	0.995344	-0.0523083	-0.0296189	0.0548598	0.998055	second camToNav	END
DEBUGGING10	1	1925	895	num inliers	END
DEBUGGING11	13.386	-1.89834	-3.3696e-07	final translation vector	END
VO Skipped due to Grd Speed to high
84--------------------#For Output Above----------------------------

85--------------------#For Output Above----------------------------

86--------------------#For Output Above----------------------------

87--------------------#For Output Above----------------------------

Roll = 1.094141450079271
Image Skipped
88--------------------#For Output Above----------------------------

89--------------------#For Output Above----------------------------

90--------------------#For Output Above----------------------------

Roll = 0.30688642918504955
DEBUGGING13	8.54091e+194	2.30051e+209	2.55681e+238	1.13594e+190	3.92042e+146	8.93014e+165	4.13919e+204	6.5542e+199	6.08138e+199	cam1Tocam2	END
DEBUGGING00	40.5941	-53.1185	0	0	pixel coordinates	END
DEBUGGING01	0.317171	-0.367171	0.874407	0.299	-0.334564	0.893681	normalized coordinates	END
DEBUGGING02	0.442246	-0.361275	0.820913	0.346739	-0.349862	0.870269	unscaled nav coordinates	END
DEBUGGING03	0.607788	0.515047	thetas	END
DEBUGGING04	154.276	145.527	depth vectors	END
DEBUGGING05	48.932	-56.6458	134.9	43.5124	-48.688	130.054	camera coordinates	END
DEBUGGING06	68.228	-55.7362	126.647	50.4597	-50.9142	126.647	scaled NED coordinates	END
DEBUGGING07	17.7683	-4.82198	7.62939e-06	translation vector	END
DEBUGGING08	0.990788	-0.0624679	0.12015	0.0650654	0.997722	-0.017815	-0.118763	0.0254685	0.992596	first camToNav	END
DEBUGGING09	0.996537	-0.0793468	0.0248722	0.0804202	0.995716	-0.0456277	-0.0211452	0.0474699	0.998649	second camToNav	END
DEBUGGING10	0	1592	1223	num inliers	END
DEBUGGING11	19.1683	-3.42143	5.72963e-08	final translation vector	END
VO Skipped due to Grd Speed to high
91--------------------#For Output Above----------------------------

92--------------------#For Output Above----------------------------

93--------------------#For Output Above----------------------------

Roll = -1.6009362571306338
Image Skipped
94--------------------#For Output Above----------------------------

95--------------------#For Output Above----------------------------

96--------------------#For Output Above----------------------------

Roll = -1.968525832481613
DEBUGGING13	1.90293e+185	5.55173e+170	2.84464e+151	1.29123e+161	1.07747e+166	2.51614e+180	6.31684e+199	5.11991e+199	2.61193e+209	cam1Tocam2	END
DEBUGGING00	-14.8623	-73.7395	0	0	pixel coordinates	END
DEBUGGING01	-0.130613	-0.388118	0.912307	-0.124066	-0.334045	0.934356	normalized coordinates	END
DEBUGGING02	0.00444883	-0.411985	0.91118	-0.0413122	-0.391245	0.919359	unscaled nav coordinates	END
DEBUGGING03	0.424658	0.404349	thetas	END
DEBUGGING04	139	137.764	depth vectors	END
DEBUGGING05	-18.1552	-53.9485	126.811	-17.0918	-46.0193	128.72	camera coordinates	END
DEBUGGING06	0.618389	-57.266	126.654	-5.69132	-53.8994	126.654	scaled NED coordinates	END
DEBUGGING07	6.30971	-3.36663	-7.62939e-06	translation vector	END
DEBUGGING08	0.990788	-0.0624679	0.12015	0.0650654	0.997722	-0.017815	-0.118763	0.0254685	0.992596	first camToNav	END
DEBUGGING09	0.995085	-0.0790375	0.0596585	0.0821692	0.995261	-0.0520025	-0.0552657	0.056649	0.996863	second camToNav	END
DEBUGGING10	0	1644	1254	num inliers	END
DEBUGGING11	7.15034	-5.3499	2.45995e-07	final translation vector	END
VO Skipped due to Grd Speed to high
97--------------------#For Output Above----------------------------

98--------------------#For Output Above----------------------------

99--------------------#For Output Above----------------------------

100--------------------#For Output Above----------------------------

Roll = 0.48775458752289447
Image Skipped
101--------------------#For Output Above----------------------------

102--------------------#For Output Above----------------------------

103--------------------#For Output Above----------------------------

Roll = -0.5244498321996409
DEBUGGING13	2.15854e+185	1.9127e+214	1.90427e+185	1.30411e+190	5.84124e+199	6.60558e+228	2.71588e+209	1.91349e+214	7.63774e+223	cam1Tocam2	END
DEBUGGING00	26.5622	-50.9112	0	0	pixel coordinates	END
DEBUGGING01	0.205567	-0.382421	0.900831	0.188826	-0.350642	0.917276	normalized coordinates	END
DEBUGGING02	0.335797	-0.384222	0.860008	0.247396	-0.375798	0.893068	unscaled nav coordinates	END
DEBUGGING03	0.535511	0.466677	thetas	END
DEBUGGING04	147.773	142.303	depth vectors	END
DEBUGGING05	30.3772	-56.5114	133.118	26.8704	-49.8972	130.531	camera coordinates	END
DEBUGGING06	49.6217	-56.7776	127.086	35.2051	-53.477	127.086	scaled NED coordinates	END
DEBUGGING07	14.4166	-3.30064	0	translation vector	END
DEBUGGING08	0.990788	-0.0624679	0.12015	0.0650654	0.997722	-0.017815	-0.118763	0.0254685	0.992596	first camToNav	END
DEBUGGING09	0.996262	-0.0792689	0.0343207	0.0807973	0.995682	-0.0457079	-0.0305492	0.0483101	0.998365	second camToNav	END
DEBUGGING10	1	1836	1185	num inliers	END
DEBUGGING11	15.7867	-3.18927	3.94901e-07	final translation vector	END
VO Skipped due to Grd Speed to high
104--------------------#For Output Above----------------------------

105--------------------#For Output Above----------------------------

106--------------------#For Output Above----------------------------

Roll = -0.5664638732491232
Image Skipped
107--------------------#For Output Above----------------------------

108--------------------#For Output Above----------------------------

Roll = 0.8961614800755756
DEBUGGING13	3.66891e+204	1.73297e+185	4.23198e+175	5.83937e+199	3.42386e+180	5.2244e+175	3.98488e+204	3.02167e+209	5.60016e+199	cam1Tocam2	END
DEBUGGING00	-13.8142	-47.4792	0	0	pixel coordinates	END
DEBUGGING01	0.177395	-0.379692	0.907946	0.187875	-0.350872	0.917383	normalized coordinates	END
DEBUGGING02	0.308569	-0.383459	0.870485	0.225811	-0.368426	0.901816	unscaled nav coordinates	END
DEBUGGING03	0.51461	0.446843	thetas	END
DEBUGGING04	146.95	141.845	depth vectors	END
DEBUGGING05	26.0682	-55.7957	133.423	26.6491	-49.7693	130.126	camera coordinates	END
DEBUGGING06	45.3442	-56.3494	127.918	32.03	-52.2593	127.918	scaled NED coordinates	END
DEBUGGING07	13.3142	-4.09014	-7.62939e-06	translation vector	END
DEBUGGING08	0.990788	-0.0624679	0.12015	0.0650654	0.997722	-0.017815	-0.118763	0.0254685	0.992596	first camToNav	END
DEBUGGING09	0.996769	-0.079479	0.0116153	0.0798581	0.99612	-0.0369733	-0.00863166	0.0377814	0.999249	second camToNav	END
DEBUGGING10	1	1669	1376	num inliers	END
DEBUGGING11	13.5683	-4.03193	-2.19183e-07	final translation vector	END
VO Skipped due to Grd Speed to high
109--------------------#For Output Above----------------------------

110--------------------#For Output Above----------------------------

111--------------------#For Output Above----------------------------

Roll = 1.269923732167248
Image Skipped
112--------------------#For Output Above----------------------------

Roll = -1.7380021455169226
DEBUGGING13	4.08746e+233	2.81581e+209	5.02654e+175	1.52579e+190	6.61448e+228	3.12562e+209	1.21076e+219	3.02329e+209	4.82778e+233	cam1Tocam2	END
DEBUGGING00	34.5226	-36.7771	0	0	pixel coordinates	END
DEBUGGING01	0.312227	-0.363729	0.877619	0.298149	-0.341564	0.891315	normalized coordinates	END
DEBUGGING02	0.437518	-0.35822	0.824776	0.365455	-0.339239	0.86681	unscaled nav coordinates	END
DEBUGGING03	0.60099	0.522027	thetas	END
DEBUGGING04	156.131	148.56	depth vectors	END
DEBUGGING05	48.7483	-56.7893	137.023	44.2929	-50.7426	132.413	camera coordinates	END
DEBUGGING06	68.3101	-55.9292	128.773	54.2918	-50.3972	128.773	scaled NED coordinates	END
DEBUGGING07	14.0183	-5.53194	0	translation vector	END
DEBUGGING08	0.990788	-0.0624679	0.12015	0.0650654	0.997722	-0.017815	-0.118763	0.0254685	0.992596	first camToNav	END
DEBUGGING09	0.995769	-0.0792179	0.0465708	0.0804712	0.996426	-0.0256796	-0.0443701	0.0293186	0.998585	second camToNav	END
DEBUGGING10	0	1700	1414	num inliers	END
DEBUGGING11	15.1246	-3.91368	7.16771e-08	final translation vector	END
VO Skipped due to Grd Speed to high
113--------------------#For Output Above----------------------------

114--------------------#For Output Above----------------------------

115--------------------#For Output Above----------------------------

Roll = -1.4368491798924228
Image Skipped
116--------------------#For Output Above----------------------------

117--------------------#For Output Above----------------------------

Roll = -1.9130489016086538
DEBUGGING13	2.92055e+209	2.55714e+238	8.80126e+223	1.28926e+248	1.98108e+214	1.0008e+195	6.07858e+199	1.98002e+214	2.40486e+209	cam1Tocam2	END
DEBUGGING00	27.311	-51.4407	0	0	pixel coordinates	END
DEBUGGING01	0.297683	-0.372739	0.878891	0.288678	-0.34031	0.894904	normalized coordinates	END
DEBUGGING02	0.423824	-0.368179	0.827537	0.354192	-0.335278	0.873004	unscaled nav coordinates	END
DEBUGGING03	0.59609	0.509468	thetas	END
DEBUGGING04	156.078	147.95	depth vectors	END
DEBUGGING05	46.4619	-58.1766	137.176	42.7097	-50.3488	132.401	camera coordinates	END
DEBUGGING06	66.1498	-57.4647	129.161	52.4026	-49.6042	129.161	scaled NED coordinates	END
DEBUGGING07	13.7472	-7.86051	0	translation vector	END
DEBUGGING08	0.990788	-0.0624679	0.12015	0.0650654	0.997722	-0.017815	-0.118763	0.0254685	0.992596	first camToNav	END
DEBUGGING09	0.995866	-0.0792416	0.0444085	0.0802577	0.99654	-0.0215817	-0.0425447	0.0250566	0.99878	second camToNav	END
DEBUGGING10	1	1994	1253	num inliers	END
DEBUGGING11	14.669	-6.47334	2.83173e-07	final translation vector	END
VO Skipped due to Grd Speed to high
118--------------------#For Output Above----------------------------

119--------------------#For Output Above----------------------------

120--------------------#For Output Above----------------------------

Roll = -0.6830493326874228
Image Skipped
121--------------------#For Output Above----------------------------

122--------------------#For Output Above----------------------------

Roll = 1.5216829041483313
DEBUGGING13	4.08743e+233	1.75262e+243	3.65736e+233	2.91814e+209	1.47228e+190	8.91446e+194	3.82689e+204	8.50755e+223	3.6564e+233	cam1Tocam2	END
DEBUGGING00	-46.2022	-74.0375	0	0	pixel coordinates	END
DEBUGGING01	0.367274	-0.361231	0.857101	0.412727	-0.308685	0.856954	normalized coordinates	END
DEBUGGING02	0.489437	-0.35178	0.797936	0.452659	-0.298107	0.840376	unscaled nav coordinates	END
DEBUGGING03	0.646933	0.572819	thetas	END
DEBUGGING04	162.033	153.85	depth vectors	END
DEBUGGING05	59.5106	-58.5313	138.879	63.4982	-47.4913	131.843	camera coordinates	END
DEBUGGING06	79.305	-57.0001	129.292	69.6418	-45.8638	129.292	scaled NED coordinates	END
DEBUGGING07	9.66323	-11.1363	0	translation vector	END
DEBUGGING08	0.990788	-0.0624679	0.12015	0.0650654	0.997722	-0.017815	-0.118763	0.0254685	0.992596	first camToNav	END
DEBUGGING09	0.996647	-0.0794333	0.0195991	0.0799551	0.99642	-0.0274533	-0.0173482	0.0289283	0.999431	second camToNav	END
DEBUGGING10	0	1483	1668	num inliers	END
DEBUGGING11	8.57497	-9.35111	1.90946e-10	final translation vector	END
VO Skipped due to Grd Speed to high
123--------------------#For Output Above----------------------------

124--------------------#For Output Above----------------------------

125--------------------#For Output Above----------------------------

Roll = 1.455821524416014
Image Skipped
126--------------------#For Output Above----------------------------

127--------------------#For Output Above----------------------------

128--------------------#For Output Above----------------------------

Roll = 1.5269957241055434
DEBUGGING13	9.27088e+194	2.61073e+209	3.37784e+209	1.81862e+185	9.63875e+194	1.34296e+219	6.99204e+228	9.51001e+223	2.81661e+209	cam1Tocam2	END
DEBUGGING00	-40.1311	-57.8534	0	0	pixel coordinates	END
DEBUGGING01	0.359485	-0.355069	0.862958	0.39574	-0.318185	0.86148	normalized coordinates	END
DEBUGGING02	0.482039	-0.346244	0.804832	0.419558	-0.311689	0.852538	unscaled nav coordinates	END
DEBUGGING03	0.635404	0.549974	thetas	END
DEBUGGING04	161.164	152.145	depth vectors	END
DEBUGGING05	57.936	-57.2243	139.078	60.2101	-48.4104	131.07	camera coordinates	END
DEBUGGING06	77.6872	-55.802	129.71	63.8338	-47.422	129.71	scaled NED coordinates	END
DEBUGGING07	13.8534	-8.37994	0	translation vector	END
DEBUGGING08	0.990788	-0.0624679	0.12015	0.0650654	0.997722	-0.017815	-0.118763	0.0254685	0.992596	first camToNav	END
DEBUGGING09	0.996828	-0.0795894	-0.000291645	0.0795439	0.99637	-0.0303401	0.00270534	0.0302206	0.99954	second camToNav	END
DEBUGGING10	0	1410	1648	num inliers	END
DEBUGGING11	12.3612	-6.89564	-1.40684e-07	final translation vector	END
VO Skipped due to Grd Speed to high
129--------------------#For Output Above----------------------------

130--------------------#For Output Above----------------------------

Roll = 4.022814081502845
Image Skipped
131--------------------#For Output Above----------------------------

132--------------------#For Output Above----------------------------

Roll = 3.6021952376010042
DEBUGGING13	5.83845e+199	4.1398e+204	1.42909e+248	4.28519e+291	2.18355e+243	4.61501e+204	9.39085e+165	1.64232e+214	6.80275e+199	cam1Tocam2	END
DEBUGGING00	13.2919	-49.4618	0	0	pixel coordinates	END
DEBUGGING01	-0.23699	-0.368823	0.89878	-0.261734	-0.327618	0.907834	normalized coordinates	END
DEBUGGING02	-0.103779	-0.399415	0.910877	-0.272137	-0.374201	0.886518	unscaled nav coordinates	END
DEBUGGING03	0.425391	0.481031	thetas	END
DEBUGGING04	142.674	146.594	depth vectors	END
DEBUGGING05	-33.8122	-52.6214	128.232	-38.3687	-48.0268	133.083	camera coordinates	END
DEBUGGING06	-14.8065	-56.986	129.958	-39.8937	-54.8556	129.958	scaled NED coordinates	END
DEBUGGING07	25.0871	-2.13031	0	translation vector	END
DEBUGGING08	0.990788	-0.0624679	0.12015	0.0650654	0.997722	-0.017815	-0.118763	0.0254685	0.992596	first camToNav	END
DEBUGGING09	0.995938	-0.0799229	-0.0414724	0.0787188	0.996448	-0.0298996	0.0437147	0.0265135	0.998692	second camToNav	END
DEBUGGING10	0	2023	923	num inliers	END
DEBUGGING11	25.0364	-5.09331	4.51864e-08	final translation vector	END
VO Skipped due to Grd Speed to high
133--------------------#For Output Above----------------------------

134--------------------#For Output Above----------------------------

135--------------------#For Output Above----------------------------

Roll = 4.034836068215713
Image Skipped
