/usr/lib/jvm/java-1.7.0-openjdk-amd64/bin/java -Didea.launcher.port=7533 -Didea.launcher.bin.path=/home/suas/IDEA/bin -Dfile.encoding=UTF-8 -classpath /usr/lib/jvm/java-1.7.0-openjdk-amd64/jre/lib/charsets.jar:/usr/lib/jvm/java-1.7.0-openjdk-amd64/jre/lib/compilefontconfig.jar:/usr/lib/jvm/java-1.7.0-openjdk-amd64/jre/lib/ext/dnsns.jar:/usr/lib/jvm/java-1.7.0-openjdk-amd64/jre/lib/ext/icedtea-sound.jar:/usr/lib/jvm/java-1.7.0-openjdk-amd64/jre/lib/ext/java-atk-wrapper.jar:/usr/lib/jvm/java-1.7.0-openjdk-amd64/jre/lib/ext/localedata.jar:/usr/lib/jvm/java-1.7.0-openjdk-amd64/jre/lib/ext/sunjce_provider.jar:/usr/lib/jvm/java-1.7.0-openjdk-amd64/jre/lib/ext/sunpkcs11.jar:/usr/lib/jvm/java-1.7.0-openjdk-amd64/jre/lib/ext/zipfs.jar:/usr/lib/jvm/java-1.7.0-openjdk-amd64/jre/lib/javazic.jar:/usr/lib/jvm/java-1.7.0-openjdk-amd64/jre/lib/jce.jar:/usr/lib/jvm/java-1.7.0-openjdk-amd64/jre/lib/jsse.jar:/usr/lib/jvm/java-1.7.0-openjdk-amd64/jre/lib/management-agent.jar:/usr/lib/jvm/java-1.7.0-openjdk-amd64/jre/lib/resources.jar:/usr/lib/jvm/java-1.7.0-openjdk-amd64/jre/lib/rhino.jar:/usr/lib/jvm/java-1.7.0-openjdk-amd64/jre/lib/rt.jar:/home/suas/IdeaProjects/MotionModel/Scorpion_Fain/out/production/Scorpion_Fain:/home/suas/IdeaProjects/MotionModel/Scorpion_Fain/lib/kotlin-runtime.jar:/home/suas/IdeaProjects/MotionModel/Scorpion_Fain/lib/kotlin-reflect.jar:/home/suas/IDEA/jars/scorpion-all-dev.jar:/usr/local/share/java/lcm.jar:/home/suas/IDEA/jars/pixhawk_fain.jar:/home/suas/IdeaProjects/MotionModel/Scorpion_Fain/aspn-messages-lcm.jar:/home/suas/IdeaProjects/MotionModel/Scorpion_Fain/out/production/utilities:/home/suas/IdeaProjects/MotionModel/Scorpion_Fain/out/production/VOAll:/home/suas/IDEA/lib/idea_rt.jar com.intellij.rt.execution.application.AppMain FAIN_Main
Jan 31, 2017 5:44:16 PM com.github.fommil.netlib.BLAS <clinit>
WARNING: Failed to load implementation from: com.github.fommil.netlib.NativeSystemBLAS
Jan 31, 2017 5:44:16 PM com.github.fommil.netlib.BLAS <clinit>
WARNING: Failed to load implementation from: com.github.fommil.netlib.NativeRefBLAS
LCM: Disabling IPV6 support
LCM: TTL set to 1.
2--------------------#For Output Above----------------------------

Jan 31, 2017 5:44:25 PM com.github.fommil.netlib.LAPACK <clinit>
WARNING: Failed to load implementation from: com.github.fommil.netlib.NativeSystemLAPACK
Jan 31, 2017 5:44:25 PM com.github.fommil.netlib.LAPACK <clinit>
WARNING: Failed to load implementation from: com.github.fommil.netlib.NativeRefLAPACK
z=mat[ 3667.906385202903 ]/th1=3673.20909423535
z=mat[ 4413.156725329513 ]/th1=4415.876466239709
3--------------------#For Output Above----------------------------

z=mat[ 3666.6473137910793 ]/th1=3670.7556776227148
z=mat[ 4410.8366464577775 ]/th1=4416.955916217978
4--------------------#For Output Above----------------------------

z=mat[ 3667.599461996829 ]/th1=3667.5522729140694
z=mat[ 4416.241907785942 ]/th1=4417.6023894220325
ex: java.io.EOFException: LCMDataInputStream needed 8 bytes, only 0 available.
5--------------------#For Output Above----------------------------

z=mat[ 3671.6604527686404 ]/th1=3665.6139829822164
z=mat[ 4422.624877010176 ]/th1=4419.294522142956
6--------------------#For Output Above----------------------------

z=mat[ 3670.8367897113517 ]/th1=3667.4114612987682
z=mat[ 4418.401297366802 ]/th1=4421.274074988226
DATASIMVO   0.467629066515587,-0.08730915920276233,-100.38445819402547:

DEBUGGING12	-0.888472	0.458584	0.0178589	0.457763	0.882762	0.105761	0.0327352	0.102141	-0.994231	cam1 to cam2	END
DEBUGGING14	0.999861	0.0162952	0.00349195	-0.0162179	0.999645	-0.0211269	-0.00383498	0.0210674	0.999771	cam1 to cam2	END
DEBUGGING00	-15.7418	-24.8806	0	0	pixel coordinates	END
DEBUGGING01	0.223531	-0.374831	0.899742	0.233819	-0.357997	0.903973	normalized coordinates	END
DEBUGGING02	0.156444	-0.438401	0.885059	0.176763	-0.402219	0.898318	unscaled nav coordinates	END
DEBUGGING03	0.484175	0.454871	thetas	END
DEBUGGING04	148.082	145.896	depth vectors	END
DEBUGGING05	33.1008	-55.5056	133.235	34.1133	-52.2303	131.886	camera coordinates	END
DEBUGGING06	23.1664	-64.919	131.061	25.789	-58.6821	131.061	scaled NED coordinates	END
DEBUGGING07	-2.6226	-6.23695	-1.52588e-05	translation vector	END
DEBUGGING08	0.980447	0.196411	0.0121196	-0.195976	0.980142	-0.0302374	-0.0178179	0.027271	0.999469	first camToNav	END
DEBUGGING09	0.983553	0.180185	0.0124947	-0.180083	0.983612	-0.00882987	-0.0138809	0.00643456	0.999883	second camToNav	END
DEBUGGING10	0	1950	1247	num inliers	END
DEBUGGING11	-2.7586	-6.23682	6.26002e-08	final translation vector	END
VO Skipped due to Grd Speed to high
7--------------------#For Output Above----------------------------

z=mat[ 3659.0807986661803 ]/th1=3667.96794624602
z=mat[ 4423.3745890334685 ]/th1=4422.548869014927
8--------------------#For Output Above----------------------------

z=mat[ 3662.35176486611 ]/th1=3663.3075080854683
z=mat[ 4419.166174657065 ]/th1=4424.27489469755
9--------------------#For Output Above----------------------------

10--------------------#For Output Above----------------------------

DATASIMVO   2.031331944219877,-0.52959609029498,-100.38445819402547:
DEBUGGING13	0.999861	0.0162952	0.00349195	-0.0162179	0.999645	-0.0211269	-0.00383498	0.0210674	0.999771	cam1Tocam2	END
DEBUGGING12	-0.462263	0.886491	0.0211443	0.885438	0.460158	0.0652231	0.0480899	0.0488722	-0.997647	cam1 to cam2	END
DEBUGGING14	0.999685	0.0234702	0.00888436	-0.0233162	0.999583	-0.0170517	-0.00928085	0.0168392	0.999815	cam1 to cam2	END
DEBUGGING00	-41.5837	-30.7162	0	0	pixel coordinates	END
DEBUGGING01	0.216203	-0.373735	0.901986	0.246074	-0.350848	0.903523	normalized coordinates	END
DEBUGGING02	0.129354	-0.423033	0.896834	0.167185	-0.386071	0.907193	unscaled nav coordinates	END
DEBUGGING03	0.458237	0.434234	thetas	END
DEBUGGING04	146.834	145.157	depth vectors	END
DEBUGGING05	31.7458	-54.8769	132.442	35.7194	-50.928	131.153	camera coordinates	END
DEBUGGING06	18.9935	-62.1154	131.685	24.268	-56.0409	131.685	scaled NED coordinates	END
DEBUGGING07	-5.27452	-6.07448	1.52588e-05	translation vector	END
DEBUGGING08	0.9792	0.202766	-0.00728499	-0.202855	0.979099	-0.0146911	0.00415385	0.0158634	0.999866	first camToNav	END
DEBUGGING09	0.983586	0.179975	-0.012957	-0.179942	0.98367	0.00368143	0.013408	-0.00128949	0.999909	second camToNav	END
DEBUGGING10	0	1584	1428	num inliers	END
DEBUGGING11	-5.53939	-6.18247	-2.88597e-08	final translation vector	END
VO Skipped due to Grd Speed to high
11--------------------#For Output Above----------------------------

z=mat[ 3658.2223212848553 ]/th1=3660.2211895487426
z=mat[ 4421.589133407507 ]/th1=4426.5233168424975
12--------------------#For Output Above----------------------------

z=mat[ 3659.456702984152 ]/th1=3656.5441933557786
z=mat[ 4429.987168178346 ]/th1=4428.434648968761
DATASIMVO   4.308089229592395,-0.36508197735810144,-100.38445819402547:
DEBUGGING13	0.999685	0.0234702	0.00888436	-0.0233162	0.999583	-0.0170517	-0.00928085	0.0168392	0.999815	cam1Tocam2	END
DEBUGGING12	-0.998963	-0.0455355	0.000264442	-0.0455197	0.998739	0.0211943	-0.0012292	0.0211603	-0.999775	cam1 to cam2	END
DEBUGGING14	0.999646	0.0266018	-0.000243815	-0.0266003	0.999373	-0.0233712	-0.000378055	0.0233694	0.999727	cam1 to cam2	END
DEBUGGING00	2.14891	-27.5925	0	0	pixel coordinates	END
DEBUGGING01	0.117079	-0.36643	0.92305	0.108521	-0.344535	0.93248	normalized coordinates	END
DEBUGGING02	-0.0130847	-0.396423	0.917975	-0.00428714	-0.35094	0.936388	unscaled nav coordinates	END
DEBUGGING03	0.407853	0.358603	thetas	END
DEBUGGING04	144.251	141.414	depth vectors	END
DEBUGGING05	16.8887	-52.8577	133.15	15.3464	-48.722	131.866	camera coordinates	END
DEBUGGING06	-1.88748	-57.1843	132.418	-0.606262	-49.6278	132.418	scaled NED coordinates	END
DEBUGGING07	-1.28122	-7.55649	0	translation vector	END
DEBUGGING08	0.977217	0.204455	-0.0569608	-0.205599	0.978522	-0.0149422	0.0526824	0.0263128	0.998265	first camToNav	END
DEBUGGING09	0.982324	0.179664	-0.0525367	-0.179492	0.983727	0.00800713	0.0531203	0.00156433	0.998587	second camToNav	END
DEBUGGING10	1	2157	828	num inliers	END
DEBUGGING11	-1.26692	-7.51216	1.13172e-07	final translation vector	END
VO Skipped due to Grd Speed to high
13--------------------#For Output Above----------------------------

z=mat[ 3647.516033820829 ]/th1=3656.2159670560154
z=mat[ 4419.508179108584 ]/th1=4430.3280341524905
14--------------------#For Output Above----------------------------

z=mat[ 3649.758171977308 ]/th1=3651.9194943459183
z=mat[ 4423.491478255165 ]/th1=4429.677408991079
DATASIMVO   5.271391013623598,-1.0728215449812857,-100.38445819402547:
DEBUGGING13	0.999646	0.0266018	-0.000243815	-0.0266003	0.999373	-0.0233712	-0.000378055	0.0233694	0.999727	cam1Tocam2	END
DEBUGGING12	0.999858	0.0168028	-0.00149131	-0.0168338	0.999571	-0.0239563	0.00108813	0.023978	0.999712	cam1 to cam2	END
DEBUGGING14	-0.954594	-0.297907	0.00121687	-0.297777	0.954285	0.0258639	-0.00886626	0.0243271	-0.999665	cam1 to cam2	END
DEBUGGING00	10.2675	-20.0712	0	0	pixel coordinates	END
DEBUGGING01	-0.246372	-0.346027	0.905299	-0.262898	-0.323573	0.908947	normalized coordinates	END
DEBUGGING02	-0.373953	-0.291532	0.880436	-0.376856	-0.250371	0.891793	unscaled nav coordinates	END
DEBUGGING03	0.494015	0.469505	thetas	END
DEBUGGING04	151.637	149.706	depth vectors	END
DEBUGGING05	-37.3592	-52.4705	137.277	-39.3574	-48.4409	136.075	camera coordinates	END
DEBUGGING06	-56.7052	-44.207	133.507	-56.4176	-37.482	133.507	scaled NED coordinates	END
DEBUGGING07	-0.287567	-6.72493	0	translation vector	END
DEBUGGING08	0.978247	0.194335	-0.0725673	-0.19486	0.980831	-0.000160954	0.071145	0.0142979	0.997364	first camToNav	END
DEBUGGING09	0.981482	0.179523	-0.0668222	-0.178352	0.983695	0.0231455	0.0698877	-0.010799	0.997496	second camToNav	END
DEBUGGING10	0	2047	1008	num inliers	END
DEBUGGING11	-0.229253	-6.56077	4.77125e-07	final translation vector	END
VO Skipped due to Grd Speed to high
15--------------------#For Output Above----------------------------

z=mat[ 3650.9608163474 ]/th1=3649.64830651269
z=mat[ 4429.4483202345855 ]/th1=4429.814464198979
16--------------------#For Output Above----------------------------

17--------------------#For Output Above----------------------------

z=mat[ 3658.3124506539884 ]/th1=3646.5759954938844
z=mat[ 4445.3950688089635 ]/th1=4432.291577584132
DATASIMVO   3.979533121699766,-0.6375152856221304,-100.38445819402547:
DEBUGGING13	0.999858	0.0168028	-0.00149131	-0.0168338	0.999571	-0.0239563	0.00108813	0.023978	0.999712	cam1Tocam2	END
DEBUGGING12	0.999983	-0.00144966	-0.00573495	0.00135297	0.999857	-0.0168286	0.00575853	0.0168205	0.999842	cam1 to cam2	END
DEBUGGING14	-0.214988	-0.976271	0.0259613	-0.976613	0.214843	-0.00830023	0.00252567	-0.0271386	-0.999628	cam1 to cam2	END
DEBUGGING00	31.5936	-15.3935	0	0	pixel coordinates	END
DEBUGGING01	0.100311	-0.347468	0.932311	0.0715624	-0.336674	0.938898	normalized coordinates	END
DEBUGGING02	-0.0141012	-0.363387	0.931531	-0.0334163	-0.33309	0.942303	unscaled nav coordinates	END
DEBUGGING03	0.372195	0.341352	thetas	END
DEBUGGING04	142.751	141.12	depth vectors	END
DEBUGGING05	14.3195	-49.6016	133.089	10.0989	-47.5113	132.497	camera coordinates	END
DEBUGGING06	-2.01297	-51.8741	132.977	-4.71569	-47.0055	132.977	scaled NED coordinates	END
DEBUGGING07	2.70273	-4.8686	0	translation vector	END
DEBUGGING08	0.982602	0.177483	-0.0546994	-0.177957	0.984031	-0.0038794	0.0531374	0.0135461	0.998495	first camToNav	END
DEBUGGING09	0.982642	0.179708	-0.0460471	-0.179359	0.983715	0.0116484	0.0473905	-0.00318722	0.998871	second camToNav	END
DEBUGGING10	1	1588	1503	num inliers	END
DEBUGGING11	2.58869	-4.78714	4.99959e-07	final translation vector	END
VO Skipped due to Grd Speed to high
18--------------------#For Output Above----------------------------

z=mat[ 3650.4139214530855 ]/th1=3648.0480670049014
z=mat[ 4440.6055824847135 ]/th1=4436.026341439259
19--------------------#For Output Above----------------------------

z=mat[ 3648.7070334707137 ]/th1=3647.143901697564
z=mat[ 4433.418546756281 ]/th1=4438.258799786473
20--------------------#For Output Above----------------------------

z=mat[ 3649.060445102088 ]/th1=3646.0254477151366
z=mat[ 4442.283451862789 ]/th1=4438.894702709801
DATASIMVO   4.4223914354421785,-0.6339352548273185,-100.38445819402547:
DEBUGGING13	0.999983	-0.00144966	-0.00573495	0.00135297	0.999857	-0.0168286	0.00575853	0.0168205	0.999842	cam1Tocam2	END
DEBUGGING12	-0.171382	-0.984564	-0.0355195	-0.983437	0.168805	0.0660043	-0.0589896	0.0462432	-0.997187	cam1 to cam2	END
DEBUGGING14	0.999876	0.0157568	-0.000743517	-0.0157694	0.999628	-0.0222692	0.00039235	0.0222781	0.999752	cam1 to cam2	END
DEBUGGING00	37.9031	-14.4314	0	0	pixel coordinates	END
DEBUGGING01	0.0503745	-0.343648	0.937747	0.0115174	-0.330918	0.943589	normalized coordinates	END
DEBUGGING02	-0.0720249	-0.35512	0.932042	-0.0987606	-0.315355	0.943821	unscaled nav coordinates	END
DEBUGGING03	0.370789	0.336788	thetas	END
DEBUGGING04	142.6	140.82	depth vectors	END
DEBUGGING05	7.18339	-49.0041	133.723	1.62189	-46.6	132.876	camera coordinates	END
DEBUGGING06	-10.2707	-50.6402	132.909	-13.9075	-44.4083	132.909	scaled NED coordinates	END
DEBUGGING07	3.63674	-6.23185	0	translation vector	END
DEBUGGING08	0.979291	0.193863	-0.0583692	-0.194691	0.980825	-0.00880275	0.0555435	0.0199844	0.998256	first camToNav	END
DEBUGGING09	0.982267	0.179648	-0.0536516	-0.179206	0.983726	0.012974	0.0551092	-0.00312924	0.998475	second camToNav	END
DEBUGGING10	0	1691	1496	num inliers	END
DEBUGGING11	3.50891	-6.19289	-2.52363e-07	final translation vector	END
VO Skipped due to Grd Speed to high
21--------------------#For Output Above----------------------------

z=mat[ 3644.834134186604 ]/th1=3645.2285546222624
z=mat[ 4449.283067770746 ]/th1=4440.852948056433
z=mat[ 3642.535972820178 ]/th1=3643.771177365881
z=mat[ 4449.308502256049 ]/th1=4443.6309060582
22--------------------#For Output Above----------------------------

DATASIMVO   0.7916528979927472,-1.779984032463978,-100.38445819402547:
DEBUGGING13	0.999876	0.0157568	-0.000743517	-0.0157694	0.999628	-0.0222692	0.00039235	0.0222781	0.999752	cam1Tocam2	END
DEBUGGING12	-0.982176	-0.187956	0.00152523	-0.187948	0.982169	0.00452866	-0.00234922	0.00416128	-0.999989	cam1 to cam2	END
DEBUGGING14	0.999737	0.0229365	2.38042e-05	-0.0229299	0.999469	-0.0231302	-0.000554319	0.0231236	0.999732	cam1 to cam2	END
DEBUGGING00	5.3428	-19.1348	0	0	pixel coordinates	END
DEBUGGING01	0.00588365	-0.333271	0.942813	-0.00565266	-0.314874	0.949117	normalized coordinates	END
DEBUGGING02	-0.0541929	-0.32896	0.942788	-0.0506339	-0.288457	0.956153	unscaled nav coordinates	END
DEBUGGING03	0.339901	0.297224	thetas	END
DEBUGGING04	140.795	138.827	depth vectors	END
DEBUGGING05	0.828388	-46.9229	132.743	-0.784741	-43.713	131.763	camera coordinates	END
DEBUGGING06	-7.6301	-46.3159	132.74	-7.02935	-40.0456	132.74	scaled NED coordinates	END
DEBUGGING07	-0.600747	-6.27035	1.52588e-05	translation vector	END
DEBUGGING08	0.979178	0.202844	0.00811166	-0.202838	0.979211	-0.0015104	-0.0082494	-0.000166403	0.999966	first camToNav	END
DEBUGGING09	0.983573	0.180096	0.0122572	-0.180325	0.983378	0.0212453	-0.00822725	-0.0231066	0.999699	second camToNav	END
DEBUGGING10	1	2450	839	num inliers	END
DEBUGGING11	-0.614723	-6.25452	2.42792e-07	final translation vector	END
VO Skipped due to Grd Speed to high
z=mat[ 3641.2502395872402 ]/th1=3642.1760912769864
z=mat[ 4447.392333376416 ]/th1=4445.990675756486
23--------------------#For Output Above----------------------------

z=mat[ 3632.018671922762 ]/th1=3640.611892211258
z=mat[ 4447.286495101502 ]/th1=4447.725683432254
24--------------------#For Output Above----------------------------

z=mat[ 3638.359901509138 ]/th1=3637.6835584169066
z=mat[ 4451.377981159558 ]/th1=4449.23732343398
DATASIMVO   0.024508602496992063,-2.2561290957229008,-100.38445819402547:
DEBUGGING13	0.999737	0.0229365	2.38042e-05	-0.0229299	0.999469	-0.0231302	-0.000554319	0.0231236	0.999732	cam1Tocam2	END
DEBUGGING12	0.999967	0.00307599	0.0075018	-0.00295428	0.999865	-0.016181	-0.00755056	0.0161583	0.999841	cam1 to cam2	END
DEBUGGING14	-0.379144	0.924738	-0.0333111	0.925304	0.378577	-0.0221635	-0.00788462	-0.039226	-0.999199	cam1 to cam2	END
DEBUGGING00	-39.516	-28.1156	0	0	pixel coordinates	END
DEBUGGING01	-0.16909	-0.310179	0.93552	-0.1373	-0.285843	0.94839	normalized coordinates	END
DEBUGGING02	-0.193724	-0.264662	0.944682	-0.160968	-0.230586	0.959645	unscaled nav coordinates	END
DEBUGGING03	0.334171	0.285058	thetas	END
DEBUGGING04	140.485	138.295	depth vectors	END
DEBUGGING05	-23.7547	-43.5756	131.427	-18.9879	-39.5306	131.157	camera coordinates	END
DEBUGGING06	-27.2154	-37.1811	132.714	-22.2611	-31.8889	132.714	scaled NED coordinates	END
DEBUGGING07	-4.95433	-5.29229	0	translation vector	END
DEBUGGING08	0.982501	0.183595	0.0313779	-0.183977	0.982882	0.00972605	-0.0290551	-0.0153287	0.99946	first camToNav	END
DEBUGGING09	0.983269	0.18016	0.026921	-0.180875	0.983136	0.0269953	-0.0216035	-0.031413	0.999273	second camToNav	END
DEBUGGING10	0	1801	1314	num inliers	END
DEBUGGING11	-5.24608	-5.21416	2.71252e-07	final translation vector	END
VO Skipped due to Grd Speed to high
25--------------------#For Output Above----------------------------

26--------------------#For Output Above----------------------------

z=mat[ 3627.1334739484637 ]/th1=3634.7624795017296
z=mat[ 4447.657352369624 ]/th1=4452.631514732016
27--------------------#For Output Above----------------------------

z=mat[ 3627.212053856694 ]/th1=3631.7730208658
z=mat[ 4444.592784665172 ]/th1=4453.459025597032
DATASIMVO   2.9517648244400654,-2.1873475122308337,-100.38445819402547:
DEBUGGING13	0.999967	0.00307599	0.0075018	-0.00295428	0.999865	-0.016181	-0.00755056	0.0161583	0.999841	cam1Tocam2	END
DEBUGGING12	0.999983	-0.00444904	-0.00375884	0.00437785	0.999815	-0.0187394	0.00384152	0.0187226	0.999817	cam1 to cam2	END
DEBUGGING14	-0.289368	-0.956968	0.0218479	-0.957217	0.289318	-0.00551564	-0.00104269	-0.0225092	-0.999746	cam1 to cam2	END
DEBUGGING00	39.8934	-30.8408	0	0	pixel coordinates	END
DEBUGGING01	0.454048	-0.279386	0.84604	0.433789	-0.26054	0.862523	normalized coordinates	END
DEBUGGING02	0.37207	-0.33967	0.863822	0.359457	-0.303576	0.882401	unscaled nav coordinates	END
DEBUGGING03	0.52799	0.489855	thetas	END
DEBUGGING04	153.601	150.367	depth vectors	END
DEBUGGING05	69.7424	-42.9141	129.953	65.2276	-39.1767	129.695	camera coordinates	END
DEBUGGING06	57.1505	-52.1738	132.684	54.0506	-45.6479	132.684	scaled NED coordinates	END
DEBUGGING07	3.09994	-6.52594	-1.52588e-05	translation vector	END
DEBUGGING08	0.984107	0.174917	-0.0306035	-0.174453	0.984514	0.0172563	0.0331481	-0.0116431	0.999383	first camToNav	END
DEBUGGING09	0.983427	0.179767	-0.0235426	-0.178895	0.983245	0.0350156	0.0294428	-0.0302237	0.999109	second camToNav	END
DEBUGGING10	0	1783	1243	num inliers	END
DEBUGGING11	3.56264	-7.19892	-3.33607e-07	final translation vector	END
VO Skipped due to Grd Speed to high
28--------------------#For Output Above----------------------------

29--------------------#For Output Above----------------------------

z=mat[ 3629.504701056386 ]/th1=3629.2677182834927
z=mat[ 4453.57941592056 ]/th1=4453.784023277724
30--------------------#For Output Above----------------------------

31--------------------#For Output Above----------------------------

DATASIMVO   1.680885632272137,-1.782035689549052,-100.38445819402547:
DEBUGGING13	0.999983	-0.00444904	-0.00375884	0.00437785	0.999815	-0.0187394	0.00384152	0.0187226	0.999817	cam1Tocam2	END
DEBUGGING12	-0.732104	-0.681051	0.0138695	-0.681189	0.732011	-0.0118987	-0.00204904	-0.0181588	-0.999833	cam1 to cam2	END
DEBUGGING14	0.999999	-0.000950702	0.000465511	0.000961822	0.999699	-0.0245002	-0.000442079	0.0245007	0.9997	cam1 to cam2	END
DEBUGGING00	19.354	-26.0226	0	0	pixel coordinates	END
DEBUGGING01	-0.0321873	-0.31454	0.948698	-0.0510952	-0.293744	0.954518	normalized coordinates	END
DEBUGGING02	-0.0945375	-0.303807	0.948032	-0.105992	-0.256695	0.960663	unscaled nav coordinates	END
DEBUGGING03	0.323805	0.281417	thetas	END
DEBUGGING04	140.008	138.167	depth vectors	END
DEBUGGING05	-4.50647	-44.0381	132.825	-7.05966	-40.5857	131.883	camera coordinates	END
DEBUGGING06	-13.236	-42.5353	132.732	-14.6446	-35.4667	132.732	scaled NED coordinates	END
DEBUGGING07	1.4086	-7.06857	0	translation vector	END
DEBUGGING08	0.983841	0.178912	-0.00695211	-0.178917	0.983864	-0.000106312	0.00682092	0.00134844	0.999976	first camToNav	END
DEBUGGING09	0.983667	0.179974	-0.00300151	-0.179852	0.983399	0.0240781	0.00728513	-0.023145	0.999706	second camToNav	END
DEBUGGING10	1	2029	1110	num inliers	END
DEBUGGING11	1.39525	-7.13526	-4.52865e-08	final translation vector	END
VO Skipped due to Grd Speed to high
z=mat[ 3623.262069722139 ]/th1=3625.9474782611733
z=mat[ 4454.349036079371 ]/th1=4456.662870439453
32--------------------#For Output Above----------------------------

z=mat[ 3622.333234498857 ]/th1=3623.7343437625336
z=mat[ 4459.477934599846 ]/th1=4457.810000495029
33--------------------#For Output Above----------------------------

z=mat[ 3627.122410209145 ]/th1=3621.8099763171845
z=mat[ 4460.6033736220015 ]/th1=4459.513717280463
DATASIMVO   -1.3225560956004778,-1.4927983500944615,-100.38445819402547:
DEBUGGING13	0.999999	-0.000950702	0.000465511	0.000961822	0.999699	-0.0245002	-0.000442079	0.0245007	0.9997	cam1Tocam2	END
DEBUGGING12	-0.664518	-0.745846	0.0461451	-0.746722	0.660392	-0.0792997	0.0286716	-0.0871537	-0.995782	cam1 to cam2	END
DEBUGGING14	0.999967	-0.00719127	-0.00389005	0.00713671	0.999878	-0.0138627	0.00398927	0.0138345	0.999896	cam1 to cam2	END
DEBUGGING00	34.4461	-55.3963	0	0	pixel coordinates	END
DEBUGGING01	0.412384	-0.309632	0.856777	0.39817	-0.271918	0.876083	normalized coordinates	END
DEBUGGING02	0.387255	-0.379474	0.840258	0.38385	-0.331053	0.862011	unscaled nav coordinates	END
DEBUGGING03	0.573038	0.531572	thetas	END
DEBUGGING04	157.992	154.005	depth vectors	END
DEBUGGING05	65.1535	-48.9195	135.364	61.3203	-41.8768	134.921	camera coordinates	END
DEBUGGING06	61.1833	-59.954	132.754	59.1149	-50.9839	132.754	scaled NED coordinates	END
DEBUGGING07	2.06843	-8.97014	0	translation vector	END
DEBUGGING08	0.983883	0.173976	0.0413011	-0.173989	0.984742	-0.00328691	-0.0412428	-0.00395202	0.999141	first camToNav	END
DEBUGGING09	0.982439	0.180404	0.0476287	-0.181052	0.983426	0.00964273	-0.0450997	-0.0180967	0.998819	second camToNav	END
DEBUGGING10	0	1880	1169	num inliers	END
DEBUGGING11	2.39855	-9.71882	3.24414e-08	final translation vector	END
VO Skipped due to Grd Speed to high
34--------------------#For Output Above----------------------------

35--------------------#For Output Above----------------------------

z=mat[ 3616.820028497987 ]/th1=3619.3598817596167
z=mat[ 4464.804180921852 ]/th1=4462.556026693379
DATASIMVO   -3.4526791319825034,-1.698616559359671,-100.38445819402547:
DEBUGGING13	0.999967	-0.00719127	-0.00389005	0.00713671	0.999878	-0.0138627	0.00398927	0.0138345	0.999896	cam1Tocam2	END
DEBUGGING12	-0.588166	-0.806875	0.0549009	-0.808	0.583368	-0.0825662	0.0345932	-0.0929225	-0.995072	cam1 to cam2	END
DEBUGGING14	0.999988	-0.00131077	-0.00475825	0.00123609	0.999877	-0.0156637	0.00477819	0.0156577	0.999866	cam1 to cam2	END
DEBUGGING00	36.8614	-46.9868	0	0	pixel coordinates	END
DEBUGGING01	-0.364552	-0.305988	0.879473	-0.397043	-0.271157	0.87683	normalized coordinates	END
DEBUGGING02	-0.344796	-0.242244	0.906881	-0.363734	-0.188795	0.91217	unscaled nav coordinates	END
DEBUGGING03	0.434974	0.422248	thetas	END
DEBUGGING04	146.298	145.45	depth vectors	END
DEBUGGING05	-53.3332	-44.7655	128.665	-57.7498	-39.4397	127.535	camera coordinates	END
DEBUGGING06	-50.443	-35.4398	132.675	-52.905	-27.4601	132.675	scaled NED coordinates	END
DEBUGGING07	2.46203	-7.97969	1.52588e-05	translation vector	END
DEBUGGING08	0.9805	0.180702	0.07725	-0.180618	0.98352	-0.00812206	-0.0774445	-0.00598909	0.996979	first camToNav	END
DEBUGGING09	0.979883	0.180681	0.084754	-0.181867	0.983302	0.00641562	-0.0821796	-0.0217005	0.996381	second camToNav	END
DEBUGGING10	0	2025	1088	num inliers	END
DEBUGGING11	2.69994	-9.06738	1.60205e-11	final translation vector	END
VO Skipped due to Grd Speed to high
36--------------------#For Output Above----------------------------

z=mat[ 3613.9253426655705 ]/th1=3615.625891797573
z=mat[ 4458.9599177148675 ]/th1=4465.77264452205
37--------------------#For Output Above----------------------------

z=mat[ 3620.5997663314192 ]/th1=3613.5649526753923
z=mat[ 4457.933025933033 ]/th1=4466.464239611416
38--------------------#For Output Above----------------------------

DATASIMVO   -6.3482502910395215,-1.2150462133094606,-100.38445819402547:
DEBUGGING13	0.999988	-0.00131077	-0.00475825	0.00123609	0.999877	-0.0156637	0.00477819	0.0156577	0.999866	cam1Tocam2	END
DEBUGGING12	-0.874342	0.481766	-0.0585384	0.483128	0.852634	-0.199003	-0.0459611	-0.202278	-0.978249	cam1 to cam2	END
DEBUGGING14	0.99989	-0.0144986	0.00302295	0.0145591	0.999672	-0.0210671	-0.00271651	0.0211088	0.999773	cam1 to cam2	END
DEBUGGING00	-15.9526	-30.9089	0	0	pixel coordinates	END
DEBUGGING01	0.366981	-0.30639	0.878322	0.387604	-0.282893	0.877345	normalized coordinates	END
DEBUGGING02	0.422117	-0.391535	0.817629	0.442845	-0.358118	0.821973	unscaled nav coordinates	END
DEBUGGING03	0.613515	0.605929	thetas	END
DEBUGGING04	161.996	161.14	depth vectors	END
DEBUGGING05	59.4495	-49.634	142.285	62.4586	-45.5854	141.375	camera coordinates	END
DEBUGGING06	68.3814	-63.4271	132.453	71.36	-57.7071	132.453	scaled NED coordinates	END
DEBUGGING07	-2.97864	-5.72001	-1.52588e-05	translation vector	END
DEBUGGING08	0.976649	0.169714	0.131733	-0.166887	0.985447	-0.0322876	-0.135296	0.00954907	0.990759	first camToNav	END
DEBUGGING09	0.97448	0.181102	0.132633	-0.181254	0.983374	-0.0110254	-0.132424	-0.0132963	0.991104	second camToNav	END
DEBUGGING10	0	2091	1039	num inliers	END
DEBUGGING11	-3.12281	-6.41764	8.75684e-08	final translation vector	END
VO Skipped due to Grd Speed to high
z=mat[ 3610.9699442653587 ]/th1=3613.0809705275333
z=mat[ 4461.269240469817 ]/th1=4466.853370201644
39--------------------#For Output Above----------------------------

z=mat[ 3602.7908940211078 ]/th1=3611.080648306689
z=mat[ 4469.545024405609 ]/th1=4467.544429093471
z=mat[ 3604.754590733968 ]/th1=3608.1664664323916
z=mat[ 4468.126461412583 ]/th1=4469.124468941661
40--------------------#For Output Above----------------------------

DATASIMVO   -4.791494106103936,-0.08755310063647563,-100.38445819402547:
DEBUGGING13	0.99989	-0.0144986	0.00302295	0.0145591	0.999672	-0.0210671	-0.00271651	0.0211088	0.999773	cam1Tocam2	END
DEBUGGING12	-0.986449	-0.163802	0.009397	-0.163947	0.981864	-0.0952051	0.00636816	-0.0954555	-0.995413	cam1 to cam2	END
DEBUGGING14	0.999848	-0.0173944	0.00139036	0.0174216	0.999589	-0.0227593	-0.000993906	0.02278	0.99974	cam1 to cam2	END
DEBUGGING00	4.00794	-34.7057	0	0	pixel coordinates	END
DEBUGGING01	-0.100005	-0.312014	0.944799	-0.099881	-0.287361	0.9526	normalized coordinates	END
DEBUGGING02	-0.0556596	-0.336642	0.939986	-0.0519603	-0.288854	0.955962	unscaled nav coordinates	END
DEBUGGING03	0.348207	0.297876	thetas	END
DEBUGGING04	140.532	138.184	depth vectors	END
DEBUGGING05	-14.054	-43.8481	132.775	-13.8019	-39.7086	131.634	camera coordinates	END
DEBUGGING06	-7.82197	-47.3091	132.098	-7.18007	-39.9149	132.098	scaled NED coordinates	END
DEBUGGING07	-0.641906	-7.39417	1.52588e-05	translation vector	END
DEBUGGING08	0.981037	0.166151	0.0997999	-0.162047	0.985616	-0.0479691	-0.106334	0.0308873	0.993851	first camToNav	END
DEBUGGING09	0.978136	0.180902	0.102584	-0.179233	0.98348	-0.0253432	-0.105474	0.00640275	0.994401	second camToNav	END
DEBUGGING10	1	2094	928	num inliers	END
DEBUGGING11	-0.689478	-7.49919	-7.24509e-09	final translation vector	END
VO Skipped due to Grd Speed to high
z=mat[ 3605.95190485173 ]/th1=3605.976396823155
z=mat[ 4472.610629927345 ]/th1=4470.408742842093
41--------------------#For Output Above----------------------------

z=mat[ 3594.732470833891 ]/th1=3604.3132530172547
z=mat[ 4469.866434446379 ]/th1=4471.946393668115
DATASIMVO   -4.32936038264333,0.28972094148228944,-100.38445819402547:
DEBUGGING13	0.999848	-0.0173944	0.00139036	0.0174216	0.999589	-0.0227593	-0.000993906	0.02278	0.99974	cam1Tocam2	END
DEBUGGING12	0.999542	-0.030103	0.00303298	0.0301613	0.999314	-0.0214762	-0.0023844	0.0215579	0.999765	cam1 to cam2	END
DEBUGGING14	-0.931742	0.362279	-0.0247155	0.362817	0.926017	-0.104198	-0.0148618	-0.106053	-0.994249	cam1 to cam2	END
DEBUGGING00	-11.7151	-38.0976	0	0	pixel coordinates	END
DEBUGGING01	0.386858	-0.298863	0.872366	0.410093	-0.263293	0.873213	normalized coordinates	END
DEBUGGING02	0.415566	-0.398093	0.817818	0.435549	-0.358723	0.8256	unscaled nav coordinates	END
DEBUGGING03	0.613187	0.599532	thetas	END
DEBUGGING04	161.146	159.627	depth vectors	END
DEBUGGING05	62.3406	-48.1605	140.578	65.4618	-42.0286	139.388	camera coordinates	END
DEBUGGING06	66.9667	-64.151	131.788	69.5253	-57.2619	131.788	scaled NED coordinates	END
DEBUGGING07	-2.55856	-6.88916	0	translation vector	END
DEBUGGING08	0.983842	0.153247	0.0925743	-0.148922	0.987481	-0.0519967	-0.0993837	0.0373702	0.994347	first camToNav	END
DEBUGGING09	0.979059	0.180828	0.0935104	-0.178737	0.983429	-0.0303414	-0.0974474	0.0129922	0.995156	second camToNav	END
DEBUGGING10	0	1989	877	num inliers	END
DEBUGGING11	-2.69075	-7.18233	-2.14808e-07	final translation vector	END
VO Skipped due to Grd Speed to high
42--------------------#For Output Above----------------------------

z=mat[ 3610.2971491642543 ]/th1=3599.4703337562632
z=mat[ 4483.703057518479 ]/th1=4474.639726865734
43--------------------#For Output Above----------------------------

z=mat[ 3606.4464379555247 ]/th1=3599.613691969348
z=mat[ 4474.854023389143 ]/th1=4477.0500870792375
44--------------------#For Output Above----------------------------

DATASIMVO   -3.993838051174388,0.3821029885071613,-100.38445819402547:
DEBUGGING13	0.999542	-0.030103	0.00303298	0.0301613	0.999314	-0.0214762	-0.0023844	0.0215579	0.999765	cam1Tocam2	END
DEBUGGING12	0.9994	-0.0345787	0.00211835	0.0346126	0.999223	-0.0188749	-0.00146404	0.0189369	0.99982	cam1 to cam2	END
DEBUGGING14	-0.998722	0.0504511	-0.00287432	0.0505234	0.995816	-0.0761439	-0.000979252	-0.0761918	-0.997093	cam1 to cam2	END
DEBUGGING00	-0.414545	-36.2429	0	0	pixel coordinates	END
DEBUGGING01	-0.0780047	-0.334745	0.939075	-0.0652462	-0.312118	0.9478	normalized coordinates	END
DEBUGGING02	-0.0456446	-0.366309	0.929373	-0.0374214	-0.324542	0.945131	unscaled nav coordinates	END
DEBUGGING03	0.378086	0.332802	thetas	END
DEBUGGING04	141.217	138.862	depth vectors	END
DEBUGGING05	-11.0156	-47.2715	132.613	-9.06023	-43.3414	131.614	camera coordinates	END
DEBUGGING06	-6.44578	-51.7289	131.243	-5.19642	-45.0666	131.243	scaled NED coordinates	END
DEBUGGING07	-1.24936	-6.66234	1.52588e-05	translation vector	END
DEBUGGING08	0.985166	0.14842	0.0861337	-0.14453	0.988246	-0.0498073	-0.0925137	0.0366196	0.995038	first camToNav	END
DEBUGGING09	0.979625	0.180778	0.0874864	-0.178721	0.983415	-0.0308725	-0.0916166	0.0146078	0.995687	second camToNav	END
DEBUGGING10	1	1925	900	num inliers	END
DEBUGGING11	-1.28819	-6.7231	-1.19011e-07	final translation vector	END
VO Skipped due to Grd Speed to high
z=mat[ 3598.996187462846 ]/th1=3599.062406921736
z=mat[ 4470.665177979272 ]/th1=4478.26887069269
45--------------------#For Output Above----------------------------

z=mat[ 3596.9937178401246 ]/th1=3595.923733921498
z=mat[ 4477.537501019441 ]/th1=4480.402691522099
DATASIMVO   -3.8827792963621466,0.7461115632875642,-100.38445819402547:
DEBUGGING13	0.9994	-0.0345787	0.00211835	0.0346126	0.999223	-0.0188749	-0.00146404	0.0189369	0.99982	cam1Tocam2	END
DEBUGGING12	0.999502	-0.0313274	0.0038996	0.0313982	0.999314	-0.0196425	-0.00328157	0.0197551	0.999799	cam1 to cam2	END
DEBUGGING14	-0.986906	-0.161297	-0.00059804	-0.161272	0.986805	-0.0143993	0.00291272	-0.0141143	-0.999896	cam1 to cam2	END
DEBUGGING00	4.46887	-34.1828	0	0	pixel coordinates	END
DEBUGGING01	-0.430271	-0.305826	0.849316	-0.426243	-0.298492	0.853944	normalized coordinates	END
DEBUGGING02	-0.398156	-0.286897	0.871299	-0.399512	-0.248932	0.882283	unscaled nav coordinates	END
DEBUGGING03	0.512953	0.490106	thetas	END
DEBUGGING04	150.085	148.217	depth vectors	END
DEBUGGING05	-64.5773	-45.8999	127.47	-63.1763	-44.2416	126.569	camera coordinates	END
DEBUGGING06	-59.7573	-43.059	130.769	-59.2143	-36.896	130.769	scaled NED coordinates	END
DEBUGGING07	-0.542999	-6.16301	0	translation vector	END
DEBUGGING08	0.984808	0.151589	0.0847012	-0.147121	0.987489	-0.0567507	-0.0922443	0.0434272	0.994789	first camToNav	END
DEBUGGING09	0.979898	0.180743	0.0844472	-0.178205	0.983307	-0.0367486	-0.0896795	0.020961	0.99575	second camToNav	END
DEBUGGING10	0	1860	907	num inliers	END
DEBUGGING11	-0.505383	-6.57928	-2.95395e-07	final translation vector	END
VO Skipped due to Grd Speed to high
46--------------------#For Output Above----------------------------

z=mat[ 3595.977129838135 ]/th1=3594.5420353965155
z=mat[ 4482.669368764204 ]/th1=4481.563204304937
z=mat[ 3593.744174740845 ]/th1=3593.2709771816844
z=mat[ 4482.292496560555 ]/th1=4483.072420442684
47--------------------#For Output Above----------------------------

z=mat[ 3598.936867901518 ]/th1=3591.8642895625667
z=mat[ 4489.955293585594 ]/th1=4484.452644425359
DATASIMVO   -4.479886377004093,0.774083514462124,-100.38445819402547:
DEBUGGING13	0.999502	-0.0313274	0.0038996	0.0313982	0.999314	-0.0196425	-0.00328157	0.0197551	0.999799	cam1Tocam2	END
DEBUGGING12	0.999932	-0.00965444	0.00656048	0.0097841	0.999752	-0.020027	-0.0063655	0.0200898	0.999778	cam1 to cam2	END
DEBUGGING14	-0.454692	0.88973	-0.0404516	0.890545	0.453474	-0.0359358	-0.0136294	-0.0523637	-0.998535	cam1 to cam2	END
DEBUGGING00	-34.6811	-29.6846	0	0	pixel coordinates	END
DEBUGGING01	-0.0277734	-0.330901	0.943257	0.00836467	-0.309473	0.950872	normalized coordinates	END
DEBUGGING02	0.00728213	-0.377465	0.925995	0.0421493	-0.34295	0.938408	unscaled nav coordinates	END
DEBUGGING03	0.387133	0.352804	thetas	END
DEBUGGING04	140.63	138.77	depth vectors	END
DEBUGGING05	-3.90578	-46.5346	132.65	1.16076	-42.9455	131.952	camera coordinates	END
DEBUGGING06	1.02409	-53.0828	130.223	5.84905	-47.5911	130.223	scaled NED coordinates	END
DEBUGGING07	-4.82496	-5.49174	0	translation vector	END
DEBUGGING08	0.980059	0.173226	0.0973462	-0.167964	0.98397	-0.0599338	-0.106168	0.0423881	0.993444	first camToNav	END
DEBUGGING09	0.978959	0.180822	0.0945661	-0.177845	0.983282	-0.0390836	-0.100052	0.021443	0.994751	second camToNav	END
DEBUGGING10	0	1472	1130	num inliers	END
DEBUGGING11	-5.0965	-5.65685	1.86388e-07	final translation vector	END
VO Skipped due to Grd Speed to high
48--------------------#For Output Above----------------------------

z=mat[ 3594.6995215272655 ]/th1=3591.4693036971544
z=mat[ 4490.530358304489 ]/th1=4486.380478177302
49--------------------#For Output Above----------------------------

z=mat[ 3582.295136023942 ]/th1=3590.547473800488
z=mat[ 4487.113793750836 ]/th1=4488.146484703438
DATASIMVO   -2.020969698689397,0.7892306534685086,-100.38445819402547:
DEBUGGING13	0.999932	-0.00965444	0.00656048	0.0097841	0.999752	-0.020027	-0.0063655	0.0200898	0.999778	cam1Tocam2	END
DEBUGGING12	0.999963	-0.00810029	0.00302203	0.00816509	0.999723	-0.0220851	-0.0028423	0.0221089	0.999752	cam1 to cam2	END
DEBUGGING14	-0.696641	0.717014	-0.0241494	0.717411	0.696069	-0.0284536	-0.00359201	-0.037147	-0.999303	cam1 to cam2	END
DEBUGGING00	-24.9276	-34.2356	0	0	pixel coordinates	END
DEBUGGING01	-0.00907497	-0.324324	0.945902	0.0182243	-0.297501	0.954548	normalized coordinates	END
DEBUGGING02	-0.0166194	-0.368534	0.929466	0.0142543	-0.326043	0.945247	unscaled nav coordinates	END
DEBUGGING03	0.377835	0.332444	thetas	END
DEBUGGING04	139.902	137.566	depth vectors	END
DEBUGGING05	-1.2696	-45.3736	132.333	2.50705	-40.926	131.313	camera coordinates	END
DEBUGGING06	-2.32508	-51.5586	130.034	1.9609	-44.8524	130.034	scaled NED coordinates	END
DEBUGGING07	-4.28598	-6.70614	1.52588e-05	translation vector	END
DEBUGGING08	0.983467	0.173639	0.0514017	-0.170882	0.983815	-0.0539273	-0.0599336	0.0442521	0.997221	first camToNav	END
DEBUGGING09	0.982179	0.180486	0.0524326	-0.179008	0.983338	-0.0316771	-0.0572762	0.0217267	0.998122	second camToNav	END
DEBUGGING10	0	1468	933	num inliers	END
DEBUGGING11	-4.34853	-6.63699	1.87224e-07	final translation vector	END
VO Skipped due to Grd Speed to high
50--------------------#For Output Above----------------------------

z=mat[ 3590.8432911717505 ]/th1=3586.552463532508
z=mat[ 4493.679632059829 ]/th1=4490.916716883159
51--------------------#For Output Above----------------------------

z=mat[ 3585.9798664828477 ]/th1=3585.804544428164
z=mat[ 4493.283468385958 ]/th1=4492.579316988545
DATASIMVO   -0.322254043318169,0.581628620888785,-100.38445819402547:
DEBUGGING13	0.999963	-0.00810029	0.00302203	0.00816509	0.999723	-0.0220851	-0.0028423	0.0221089	0.999752	cam1Tocam2	END
DEBUGGING12	-0.737908	0.67477	-0.0132926	0.674873	0.737913	-0.00546823	0.00611896	-0.0130058	-0.999897	cam1 to cam2	END
DEBUGGING14	0.999987	-0.00410741	0.00302189	0.00417041	0.999768	-0.021143	-0.00293435	0.0211553	0.999772	cam1 to cam2	END
DEBUGGING00	-23.2446	-33.8025	0	0	pixel coordinates	END
DEBUGGING01	0.0734951	-0.312815	0.946966	0.0991674	-0.284911	0.953411	normalized coordinates	END
DEBUGGING02	0.0389241	-0.362334	0.931235	0.0689862	-0.319751	0.944987	unscaled nav coordinates	END
DEBUGGING03	0.373009	0.333242	thetas	END
DEBUGGING04	139.396	137.368	depth vectors	END
DEBUGGING05	10.2449	-43.6052	132.003	13.6224	-39.1375	130.968	camera coordinates	END
DEBUGGING06	5.42587	-50.508	129.811	9.47646	-43.9234	129.811	scaled NED coordinates	END
DEBUGGING07	-4.05059	-6.58463	0	translation vector	END
DEBUGGING08	0.983995	0.176693	0.0231026	-0.175564	0.983479	-0.0441243	-0.0305173	0.0393621	0.998759	first camToNav	END
DEBUGGING09	0.983326	0.180267	0.0239479	-0.179735	0.983451	-0.0227932	-0.0276605	0.0181089	0.999453	second camToNav	END
DEBUGGING10	1	1360	892	num inliers	END
DEBUGGING11	-4.01107	-6.54092	2.25771e-08	final translation vector	END
VO Skipped due to Grd Speed to high
52--------------------#For Output Above----------------------------

z=mat[ 3587.845380685081 ]/th1=3584.4335020116923
z=mat[ 4497.983915559857 ]/th1=4494.068519131277
53--------------------#For Output Above----------------------------

54--------------------#For Output Above----------------------------

z=mat[ 3587.6009912344452 ]/th1=3583.5509266410477
z=mat[ 4497.44331130391 ]/th1=4495.825124113213
55--------------------#For Output Above----------------------------

z=mat[ 3569.465792884129 ]/th1=3582.775332626153
z=mat[ 4498.641093646647 ]/th1=4497.394468290172
DATASIMVO   1.7531399782137171,0.7093561632057419,-100.38445819402547:
DEBUGGING13	0.999987	-0.00410741	0.00302189	0.00417041	0.999768	-0.021143	-0.00293435	0.0211553	0.999772	cam1Tocam2	END
DEBUGGING12	0.999979	0.00606299	0.00225759	-0.00601034	0.999726	-0.0226383	-0.00239423	0.0226242	0.999741	cam1 to cam2	END
DEBUGGING14	-0.999907	0.0134261	-0.00228945	0.0133793	0.999723	0.0193699	0.00254888	0.0193375	-0.99981	cam1 to cam2	END
DEBUGGING00	-2.785	-21.4572	0	0	pixel coordinates	END
DEBUGGING01	0.065544	-0.328147	0.94235	0.0669204	-0.311089	0.948022	normalized coordinates	END
DEBUGGING02	-0.00963746	-0.373085	0.927747	-0.00161678	-0.335503	0.942038	unscaled nav coordinates	END
DEBUGGING03	0.382466	0.342143	thetas	END
DEBUGGING04	139.757	137.637	depth vectors	END
DEBUGGING05	9.16024	-45.8609	131.7	9.21072	-42.8173	130.483	camera coordinates	END
DEBUGGING06	-1.3469	-52.1413	129.659	-0.222529	-46.1775	129.659	scaled NED coordinates	END
DEBUGGING07	-1.12437	-5.96375	0	translation vector	END
DEBUGGING08	0.982524	0.185616	-0.0139296	-0.18604	0.981681	-0.0411265	0.00604062	0.0429992	0.999057	first camToNav	END
DEBUGGING09	0.983597	0.179976	-0.0120789	-0.180177	0.983461	-0.0184606	0.00855667	0.0203342	0.999757	second camToNav	END
