
p=[6 -603 250];
x=[-519 400 12.15];
sqrt((p(1)-x(1))^2+(p(2)-x(2))^2+(p(3)-x(3))^2)